ESP_V (kV),V1,V2,run,R,Dp1,Dp2,Mobility (m2/s/V)
11.0,5,500,1,2.08218,2.447685,63.02949098931892,3.3946601e-05
11.0,154,500,1,2.776017,13.852126,63.02949098931892,1.096821e-06
11.0,304,500,1,3.668181,19.59787,63.02949098931892,5.57415458e-07
11.0,454,500,1,67.845247,24.094931,63.02949098931892,3.73655492e-07
11.0,604,500,1,219.840313,27.9457,63.02949098931892,2.81014912e-07
11.0,753,500,1,230.912827,31.377293,63.02949098931892,2.25184752e-07
11.0,903,500,1,194.866143,34.509366,63.02949098931892,1.87861657e-07
11.0,1053,500,1,101.902396,37.423201,63.02949098931892,1.6115168e-07
11.0,1203,500,1,61.569709,40.156354,63.02949098931892,1.41091444e-07
11.0,1352,500,1,41.124513,42.744274,63.02949098931892,1.25472561e-07
11.0,1502,500,1,24.943861,45.211133,63.02949098931892,1.1296706e-07
11.0,1652,500,1,16.426703,47.574886,63.02949098931892,1.02728405e-07
11.0,1802,500,1,9.46982,49.844984,63.02949098931892,9.4191458e-08
11.0,1951,500,1,6.824908,52.045355,63.02949098931892,8.6964523e-08
11.0,2101,500,1,7.424631,54.172056,63.02949098931892,8.076755e-08
11.0,2251,500,1,4.368211,56.237026,63.02949098931892,7.5395006e-08
11.0,2401,500,1,6.505894,58.246453,63.02949098931892,7.0692631e-08
11.0,2550,500,1,5.270461,60.205577,63.02949098931892,6.6542392e-08
11.0,2700,500,1,4.631656,62.118885,63.02949098931892,6.2852437e-08
11.0,2850,500,1,3.934545,63.984939,63.02949098931892,5.9550217e-08
11.0,3000,500,1,3.922251,65.816925,63.02949098931892,5.6577669e-08
11.0,5,250,1,2.157584,2.447685,43.548602413525415,3.3946601e-05
11.0,154,250,1,2.261995,13.852126,43.548602413525415,1.096821e-06
11.0,304,250,1,3.660425,19.59787,43.548602413525415,5.57415458e-07
11.0,454,250,1,47.88256,24.094931,43.548602413525415,3.73655492e-07
11.0,604,250,1,40.711749,27.9457,43.548602413525415,2.81014912e-07
11.0,753,250,1,30.691937,31.377293,43.548602413525415,2.25184752e-07
11.0,903,250,1,15.119671,34.509366,43.548602413525415,1.87861657e-07
11.0,1053,250,1,8.851626,37.423201,43.548602413525415,1.6115168e-07
11.0,1203,250,1,6.034108,40.156354,43.548602413525415,1.41091444e-07
11.0,1352,250,1,6.39975,42.744274,43.548602413525415,1.25472561e-07
11.0,1502,250,1,8.279412,45.211133,43.548602413525415,1.1296706e-07
11.0,1652,250,1,6.614277,47.574886,43.548602413525415,1.02728405e-07
11.0,1802,250,1,5.611834,49.844984,43.548602413525415,9.4191458e-08
11.0,1951,250,1,4.863423,52.045355,43.548602413525415,8.6964523e-08
11.0,2101,250,1,3.648809,54.172056,43.548602413525415,8.076755e-08
11.0,2251,250,1,2.907726,56.237026,43.548602413525415,7.5395006e-08
11.0,2401,250,1,2.400302,58.246453,43.548602413525415,7.0692631e-08
11.0,2550,250,1,2.216046,60.205577,43.548602413525415,6.6542392e-08
11.0,2700,250,1,2.138731,62.118885,43.548602413525415,6.2852437e-08
11.0,2850,250,1,2.195218,63.984939,43.548602413525415,5.9550217e-08
11.0,3000,250,1,2.140327,65.816925,43.548602413525415,5.6577669e-08
11.0,5,500,2,1.683047,2.447685,63.02949098931892,3.3946601e-05
11.0,154,500,2,1.71034,13.852126,63.02949098931892,1.096821e-06
11.0,304,500,2,1.769346,19.59787,63.02949098931892,5.57415458e-07
11.0,454,500,2,52.300463,24.094931,63.02949098931892,3.73655492e-07
11.0,604,500,2,195.948452,27.9457,63.02949098931892,2.81014912e-07
11.0,753,500,2,192.93078,31.377293,63.02949098931892,2.25184752e-07
11.0,903,500,2,148.243409,34.509366,63.02949098931892,1.87861657e-07
11.0,1053,500,2,94.799098,37.423201,63.02949098931892,1.6115168e-07
11.0,1203,500,2,57.36249,40.156354,63.02949098931892,1.41091444e-07
11.0,1352,500,2,35.712979,42.744274,63.02949098931892,1.25472561e-07
11.0,1502,500,2,24.971552,45.211133,63.02949098931892,1.1296706e-07
11.0,1652,500,2,13.170123,47.574886,63.02949098931892,1.02728405e-07
11.0,1802,500,2,8.090315,49.844984,63.02949098931892,9.4191458e-08
11.0,1951,500,2,5.827531,52.045355,63.02949098931892,8.6964523e-08
11.0,2101,500,2,5.932425,54.172056,63.02949098931892,8.076755e-08
11.0,2251,500,2,7.323159,56.237026,63.02949098931892,7.5395006e-08
11.0,2401,500,2,5.370063,58.246453,63.02949098931892,7.0692631e-08
11.0,2550,500,2,4.398187,60.205577,63.02949098931892,6.6542392e-08
11.0,2700,500,2,4.182234,62.118885,63.02949098931892,6.2852437e-08
11.0,2850,500,2,3.834042,63.984939,63.02949098931892,5.9550217e-08
11.0,3000,500,2,3.536365,65.816925,63.02949098931892,5.6577669e-08
11.0,5,3500,2,1.932707,2.447685,196.3102140483639,3.3946601e-05
11.0,154,3500,2,2.007587,13.852126,196.3102140483639,1.096821e-06
11.0,304,3500,2,2.13164,19.59787,196.3102140483639,5.57415458e-07
11.0,454,3500,2,2.109521,24.094931,196.3102140483639,3.73655492e-07
11.0,604,3500,2,2.952157,27.9457,196.3102140483639,2.81014912e-07
11.0,753,3500,2,8.23218,31.377293,196.3102140483639,2.25184752e-07
11.0,903,3500,2,119.589902,34.509366,196.3102140483639,1.87861657e-07
11.0,1053,3500,2,279.606585,37.423201,196.3102140483639,1.6115168e-07
11.0,1203,3500,2,359.778224,40.156354,196.3102140483639,1.41091444e-07
11.0,1352,3500,2,390.509324,42.744274,196.3102140483639,1.25472561e-07
11.0,1502,3500,2,300.378125,45.211133,196.3102140483639,1.1296706e-07
11.0,1652,3500,2,189.983421,47.574886,196.3102140483639,1.02728405e-07
11.0,1802,3500,2,122.805942,49.844984,196.3102140483639,9.4191458e-08
11.0,1951,3500,2,68.256976,52.045355,196.3102140483639,8.6964523e-08
11.0,2101,3500,2,48.285159,54.172056,196.3102140483639,8.076755e-08
11.0,2251,3500,2,40.145046,56.237026,196.3102140483639,7.5395006e-08
11.0,2401,3500,2,28.242283,58.246453,196.3102140483639,7.0692631e-08
11.0,2550,3500,2,24.899136,60.205577,196.3102140483639,6.6542392e-08
11.0,2700,3500,2,22.163737,62.118885,196.3102140483639,6.2852437e-08
11.0,2850,3500,2,17.712768,63.984939,196.3102140483639,5.9550217e-08
11.0,3000,3500,2,14.287148,65.816925,196.3102140483639,5.6577669e-08
11.0,5,250,2,1.835195,2.447685,43.548602413525415,3.3946601e-05
11.0,154,250,2,2.002844,13.852126,43.548602413525415,1.096821e-06
11.0,304,250,2,3.094604,19.59787,43.548602413525415,5.57415458e-07
11.0,454,250,2,8.954082,24.094931,43.548602413525415,3.73655492e-07
11.0,604,250,2,37.304993,27.9457,43.548602413525415,2.81014912e-07
11.0,753,250,2,33.358841,31.377293,43.548602413525415,2.25184752e-07
11.0,903,250,2,10.331132,34.509366,43.548602413525415,1.87861657e-07
11.0,1053,250,2,8.065563,37.423201,43.548602413525415,1.6115168e-07
11.0,1203,250,2,8.665728,40.156354,43.548602413525415,1.41091444e-07
11.0,1352,250,2,7.049973,42.744274,43.548602413525415,1.25472561e-07
11.0,1502,250,2,7.878661,45.211133,43.548602413525415,1.1296706e-07
11.0,1652,250,2,6.357625,47.574886,43.548602413525415,1.02728405e-07
11.0,1802,250,2,5.410902,49.844984,43.548602413525415,9.4191458e-08
11.0,1951,250,2,4.186722,52.045355,43.548602413525415,8.6964523e-08
11.0,2101,250,2,3.429268,54.172056,43.548602413525415,8.076755e-08
11.0,2251,250,2,2.691208,56.237026,43.548602413525415,7.5395006e-08
11.0,2401,250,2,2.13521,58.246453,43.548602413525415,7.0692631e-08
11.0,2550,250,2,2.005646,60.205577,43.548602413525415,6.6542392e-08
11.0,2700,250,2,1.964688,62.118885,43.548602413525415,6.2852437e-08
11.0,2850,250,2,1.840069,63.984939,43.548602413525415,5.9550217e-08
11.0,3000,250,2,1.736358,65.816925,43.548602413525415,5.6577669e-08
11.0,5,750,3,2.134211,2.447685,78.68725279369392,3.3946601e-05
11.0,154,750,3,1.78395,13.852126,78.68725279369392,1.096821e-06
11.0,304,750,3,1.741773,19.59787,78.68725279369392,5.57415458e-07
11.0,454,750,3,5.425128,24.094931,78.68725279369392,3.73655492e-07
11.0,604,750,3,139.238502,27.9457,78.68725279369392,2.81014912e-07
11.0,753,750,3,247.588517,31.377293,78.68725279369392,2.25184752e-07
11.0,903,750,3,235.979682,34.509366,78.68725279369392,1.87861657e-07
11.0,1053,750,3,192.287829,37.423201,78.68725279369392,1.6115168e-07
11.0,1203,750,3,134.340301,40.156354,78.68725279369392,1.41091444e-07
11.0,1352,750,3,90.310759,42.744274,78.68725279369392,1.25472561e-07
11.0,1502,750,3,57.741483,45.211133,78.68725279369392,1.1296706e-07
11.0,1652,750,3,33.273227,47.574886,78.68725279369392,1.02728405e-07
11.0,1802,750,3,22.307564,49.844984,78.68725279369392,9.4191458e-08
11.0,1951,750,3,13.613398,52.045355,78.68725279369392,8.6964523e-08
11.0,2101,750,3,11.428249,54.172056,78.68725279369392,8.076755e-08
11.0,2251,750,3,9.72996,56.237026,78.68725279369392,7.5395006e-08
11.0,2401,750,3,5.488205,58.246453,78.68725279369392,7.0692631e-08
11.0,2550,750,3,4.557518,60.205577,78.68725279369392,6.6542392e-08
11.0,2700,750,3,6.915859,62.118885,78.68725279369392,6.2852437e-08
11.0,2850,750,3,5.211982,63.984939,78.68725279369392,5.9550217e-08
11.0,3000,750,3,3.898768,65.816925,78.68725279369392,5.6577669e-08
11.0,5,3500,3,2.244789,2.447685,196.3102140483639,3.3946601e-05
11.0,154,3500,3,2.217301,13.852126,196.3102140483639,1.096821e-06
11.0,304,3500,3,2.27825,19.59787,196.3102140483639,5.57415458e-07
11.0,454,3500,3,2.316789,24.094931,196.3102140483639,3.73655492e-07
11.0,604,3500,3,2.761422,27.9457,196.3102140483639,2.81014912e-07
11.0,753,3500,3,6.283602,31.377293,196.3102140483639,2.25184752e-07
11.0,903,3500,3,106.949162,34.509366,196.3102140483639,1.87861657e-07
11.0,1053,3500,3,249.003246,37.423201,196.3102140483639,1.6115168e-07
11.0,1203,3500,3,344.733593,40.156354,196.3102140483639,1.41091444e-07
11.0,1352,3500,3,393.418366,42.744274,196.3102140483639,1.25472561e-07
11.0,1502,3500,3,345.047209,45.211133,196.3102140483639,1.1296706e-07
11.0,1652,3500,3,232.068935,47.574886,196.3102140483639,1.02728405e-07
11.0,1802,3500,3,137.714426,49.844984,196.3102140483639,9.4191458e-08
11.0,1951,3500,3,83.570274,52.045355,196.3102140483639,8.6964523e-08
11.0,2101,3500,3,56.597642,54.172056,196.3102140483639,8.076755e-08
11.0,2251,3500,3,48.957432,56.237026,196.3102140483639,7.5395006e-08
11.0,2401,3500,3,35.842007,58.246453,196.3102140483639,7.0692631e-08
11.0,2550,3500,3,28.812164,60.205577,196.3102140483639,6.6542392e-08
11.0,2700,3500,3,24.046107,62.118885,196.3102140483639,6.2852437e-08
11.0,2850,3500,3,18.081218,63.984939,196.3102140483639,5.9550217e-08
11.0,3000,3500,3,15.724115,65.816925,196.3102140483639,5.6577669e-08
11.0,5,1250,3,1.705011,2.447685,104.95495254029636,3.3946601e-05
11.0,154,1250,3,1.698612,13.852126,104.95495254029636,1.096821e-06
11.0,304,1250,3,1.704554,19.59787,104.95495254029636,5.57415458e-07
11.0,454,1250,3,1.97636,24.094931,104.95495254029636,3.73655492e-07
11.0,604,1250,3,7.380778,27.9457,104.95495254029636,2.81014912e-07
11.0,753,1250,3,142.518538,31.377293,104.95495254029636,2.25184752e-07
11.0,903,1250,3,217.742124,34.509366,104.95495254029636,1.87861657e-07
11.0,1053,1250,3,251.664548,37.423201,104.95495254029636,1.6115168e-07
11.0,1203,1250,3,200.403487,40.156354,104.95495254029636,1.41091444e-07
11.0,1352,1250,3,167.379525,42.744274,104.95495254029636,1.25472561e-07
11.0,1502,1250,3,88.969146,45.211133,104.95495254029636,1.1296706e-07
11.0,1652,1250,3,57.511165,47.574886,104.95495254029636,1.02728405e-07
11.0,1802,1250,3,35.212124,49.844984,104.95495254029636,9.4191458e-08
11.0,1951,1250,3,21.647709,52.045355,104.95495254029636,8.6964523e-08
11.0,2101,1250,3,16.286404,54.172056,104.95495254029636,8.076755e-08
11.0,2251,1250,3,11.127216,56.237026,104.95495254029636,7.5395006e-08
11.0,2401,1250,3,7.870361,58.246453,104.95495254029636,7.0692631e-08
11.0,2550,1250,3,5.533923,60.205577,104.95495254029636,6.6542392e-08
11.0,2700,1250,3,4.6546,62.118885,104.95495254029636,6.2852437e-08
11.0,2850,1250,3,6.935627,63.984939,104.95495254029636,5.9550217e-08
11.0,3000,1250,3,5.273105,65.816925,104.95495254029636,5.6577669e-08
11.0,5,750,4,1.568542,2.447685,78.68725279369392,3.3946601e-05
11.0,154,750,4,1.546574,13.852126,78.68725279369392,1.096821e-06
11.0,304,750,4,1.573187,19.59787,78.68725279369392,5.57415458e-07
11.0,454,750,4,4.726428,24.094931,78.68725279369392,3.73655492e-07
11.0,604,750,4,156.0445,27.9457,78.68725279369392,2.81014912e-07
11.0,753,750,4,282.380119,31.377293,78.68725279369392,2.25184752e-07
11.0,903,750,4,264.228369,34.509366,78.68725279369392,1.87861657e-07
11.0,1053,750,4,207.43734,37.423201,78.68725279369392,1.6115168e-07
11.0,1203,750,4,122.174473,40.156354,78.68725279369392,1.41091444e-07
11.0,1352,750,4,82.157095,42.744274,78.68725279369392,1.25472561e-07
11.0,1502,750,4,49.131784,45.211133,78.68725279369392,1.1296706e-07
11.0,1652,750,4,29.011863,47.574886,78.68725279369392,1.02728405e-07
11.0,1802,750,4,21.008135,49.844984,78.68725279369392,9.4191458e-08
11.0,1951,750,4,13.248832,52.045355,78.68725279369392,8.6964523e-08
11.0,2101,750,4,12.126805,54.172056,78.68725279369392,8.076755e-08
11.0,2251,750,4,8.673764,56.237026,78.68725279369392,7.5395006e-08
11.0,2401,750,4,6.651123,58.246453,78.68725279369392,7.0692631e-08
11.0,2550,750,4,5.744616,60.205577,78.68725279369392,6.6542392e-08
11.0,2700,750,4,7.233235,62.118885,78.68725279369392,6.2852437e-08
11.0,2850,750,4,5.492911,63.984939,78.68725279369392,5.9550217e-08
11.0,3000,750,4,4.323006,65.816925,78.68725279369392,5.6577669e-08
11.0,5,4500,4,2.767875,2.447685,231.8037626546014,3.3946601e-05
11.0,154,4500,4,2.128798,13.852126,231.8037626546014,1.096821e-06
11.0,304,4500,4,2.101842,19.59787,231.8037626546014,5.57415458e-07
11.0,454,4500,4,2.472905,24.094931,231.8037626546014,3.73655492e-07
11.0,604,4500,4,3.411419,27.9457,231.8037626546014,2.81014912e-07
11.0,753,4500,4,7.996659,31.377293,231.8037626546014,2.25184752e-07
11.0,903,4500,4,103.396077,34.509366,231.8037626546014,1.87861657e-07
11.0,1053,4500,4,226.370453,37.423201,231.8037626546014,1.6115168e-07
11.0,1203,4500,4,361.038768,40.156354,231.8037626546014,1.41091444e-07
11.0,1352,4500,4,438.088841,42.744274,231.8037626546014,1.25472561e-07
11.0,1502,4500,4,339.825977,45.211133,231.8037626546014,1.1296706e-07
11.0,1652,4500,4,247.970092,47.574886,231.8037626546014,1.02728405e-07
11.0,1802,4500,4,144.335378,49.844984,231.8037626546014,9.4191458e-08
11.0,1951,4500,4,86.540993,52.045355,231.8037626546014,8.6964523e-08
11.0,2101,4500,4,59.921746,54.172056,231.8037626546014,8.076755e-08
11.0,2251,4500,4,43.842437,56.237026,231.8037626546014,7.5395006e-08
11.0,2401,4500,4,37.904008,58.246453,231.8037626546014,7.0692631e-08
11.0,2550,4500,4,37.859317,60.205577,231.8037626546014,6.6542392e-08
11.0,2700,4500,4,28.867081,62.118885,231.8037626546014,6.2852437e-08
11.0,2850,4500,4,23.618679,63.984939,231.8037626546014,5.9550217e-08
11.0,3000,4500,4,19.44383,65.816925,231.8037626546014,5.6577669e-08
11.0,5,1250,4,2.098898,2.447685,104.95495254029636,3.3946601e-05
11.0,154,1250,4,2.11262,13.852126,104.95495254029636,1.096821e-06
11.0,304,1250,4,2.12612,19.59787,104.95495254029636,5.57415458e-07
11.0,454,1250,4,2.074835,24.094931,104.95495254029636,3.73655492e-07
11.0,604,1250,4,6.593282,27.9457,104.95495254029636,2.81014912e-07
11.0,753,1250,4,113.037507,31.377293,104.95495254029636,2.25184752e-07
11.0,903,1250,4,235.821238,34.509366,104.95495254029636,1.87861657e-07
11.0,1053,1250,4,240.461195,37.423201,104.95495254029636,1.6115168e-07
11.0,1203,1250,4,226.619359,40.156354,104.95495254029636,1.41091444e-07
11.0,1352,1250,4,169.938439,42.744274,104.95495254029636,1.25472561e-07
11.0,1502,1250,4,113.974737,45.211133,104.95495254029636,1.1296706e-07
11.0,1652,1250,4,66.220455,47.574886,104.95495254029636,1.02728405e-07
11.0,1802,1250,4,41.993196,49.844984,104.95495254029636,9.4191458e-08
11.0,1951,1250,4,30.380145,52.045355,104.95495254029636,8.6964523e-08
11.0,2101,1250,4,19.35243,54.172056,104.95495254029636,8.076755e-08
11.0,2251,1250,4,14.028861,56.237026,104.95495254029636,7.5395006e-08
11.0,2401,1250,4,10.799662,58.246453,104.95495254029636,7.0692631e-08
11.0,2550,1250,4,9.132874,60.205577,104.95495254029636,6.6542392e-08
11.0,2700,1250,4,5.290616,62.118885,104.95495254029636,6.2852437e-08
11.0,2850,1250,4,6.225304,63.984939,104.95495254029636,5.9550217e-08
11.0,3000,1250,4,6.569945,65.816925,104.95495254029636,5.6577669e-08
11.0,5,1000,5,2.010903,2.447685,92.41959010208343,3.3946601e-05
11.0,154,1000,5,1.877015,13.852126,92.41959010208343,1.096821e-06
11.0,304,1000,5,1.487267,19.59787,92.41959010208343,5.57415458e-07
11.0,454,1000,5,3.04969,24.094931,92.41959010208343,3.73655492e-07
11.0,604,1000,5,107.973274,27.9457,92.41959010208343,2.81014912e-07
11.0,753,1000,5,289.726115,31.377293,92.41959010208343,2.25184752e-07
11.0,903,1000,5,357.080185,34.509366,92.41959010208343,1.87861657e-07
11.0,1053,1000,5,308.817977,37.423201,92.41959010208343,1.6115168e-07
11.0,1203,1000,5,234.444131,40.156354,92.41959010208343,1.41091444e-07
11.0,1352,1000,5,175.337596,42.744274,92.41959010208343,1.25472561e-07
11.0,1502,1000,5,100.684185,45.211133,92.41959010208343,1.1296706e-07
11.0,1652,1000,5,65.76287,47.574886,92.41959010208343,1.02728405e-07
11.0,1802,1000,5,40.471918,49.844984,92.41959010208343,9.4191458e-08
11.0,1951,1000,5,29.907989,52.045355,92.41959010208343,8.6964523e-08
11.0,2101,1000,5,22.494205,54.172056,92.41959010208343,8.076755e-08
11.0,2251,1000,5,13.31617,56.237026,92.41959010208343,7.5395006e-08
11.0,2401,1000,5,10.526024,58.246453,92.41959010208343,7.0692631e-08
11.0,2550,1000,5,7.965273,60.205577,92.41959010208343,6.6542392e-08
11.0,2700,1000,5,5.394563,62.118885,92.41959010208343,6.2852437e-08
11.0,2850,1000,5,8.339961,63.984939,92.41959010208343,5.9550217e-08
11.0,3000,1000,5,6.642136,65.816925,92.41959010208343,5.6577669e-08
11.0,5,4500,5,2.29434,2.447685,231.8037626546014,3.3946601e-05
11.0,154,4500,5,2.391278,13.852126,231.8037626546014,1.096821e-06
11.0,304,4500,5,2.463257,19.59787,231.8037626546014,5.57415458e-07
11.0,454,4500,5,2.746425,24.094931,231.8037626546014,3.73655492e-07
11.0,604,4500,5,3.372336,27.9457,231.8037626546014,2.81014912e-07
11.0,753,4500,5,6.393584,31.377293,231.8037626546014,2.25184752e-07
11.0,903,4500,5,73.194687,34.509366,231.8037626546014,1.87861657e-07
11.0,1053,4500,5,220.4515,37.423201,231.8037626546014,1.6115168e-07
11.0,1203,4500,5,307.223959,40.156354,231.8037626546014,1.41091444e-07
11.0,1352,4500,5,321.04091,42.744274,231.8037626546014,1.25472561e-07
11.0,1502,4500,5,281.145192,45.211133,231.8037626546014,1.1296706e-07
11.0,1652,4500,5,194.285488,47.574886,231.8037626546014,1.02728405e-07
11.0,1802,4500,5,133.746419,49.844984,231.8037626546014,9.4191458e-08
11.0,1951,4500,5,74.124005,52.045355,231.8037626546014,8.6964523e-08
11.0,2101,4500,5,45.696371,54.172056,231.8037626546014,8.076755e-08
11.0,2251,4500,5,38.596781,56.237026,231.8037626546014,7.5395006e-08
11.0,2401,4500,5,28.876093,58.246453,231.8037626546014,7.0692631e-08
11.0,2550,4500,5,25.910314,60.205577,231.8037626546014,6.6542392e-08
11.0,2700,4500,5,25.274903,62.118885,231.8037626546014,6.2852437e-08
11.0,2850,4500,5,20.142534,63.984939,231.8037626546014,5.9550217e-08
11.0,3000,4500,5,16.805715,65.816925,231.8037626546014,5.6577669e-08
11.0,5,1500,5,1.984944,2.447685,116.66360703955151,3.3946601e-05
11.0,154,1500,5,2.081496,13.852126,116.66360703955151,1.096821e-06
11.0,304,1500,5,2.031277,19.59787,116.66360703955151,5.57415458e-07
11.0,454,1500,5,2.203282,24.094931,116.66360703955151,3.73655492e-07
11.0,604,1500,5,5.576039,27.9457,116.66360703955151,2.81014912e-07
11.0,753,1500,5,121.66385,31.377293,116.66360703955151,2.25184752e-07
11.0,903,1500,5,226.842845,34.509366,116.66360703955151,1.87861657e-07
11.0,1053,1500,5,275.466852,37.423201,116.66360703955151,1.6115168e-07
11.0,1203,1500,5,300.111103,40.156354,116.66360703955151,1.41091444e-07
11.0,1352,1500,5,235.053229,42.744274,116.66360703955151,1.25472561e-07
11.0,1502,1500,5,137.083955,45.211133,116.66360703955151,1.1296706e-07
11.0,1652,1500,5,85.764477,47.574886,116.66360703955151,1.02728405e-07
11.0,1802,1500,5,61.785119,49.844984,116.66360703955151,9.4191458e-08
11.0,1951,1500,5,38.875224,52.045355,116.66360703955151,8.6964523e-08
11.0,2101,1500,5,25.517308,54.172056,116.66360703955151,8.076755e-08
11.0,2251,1500,5,18.714498,56.237026,116.66360703955151,7.5395006e-08
11.0,2401,1500,5,12.63553,58.246453,116.66360703955151,7.0692631e-08
11.0,2550,1500,5,9.306811,60.205577,116.66360703955151,6.6542392e-08
11.0,2700,1500,5,7.439577,62.118885,116.66360703955151,6.2852437e-08
11.0,2850,1500,5,7.278512,63.984939,116.66360703955151,5.9550217e-08
11.0,3000,1500,5,8.52189,65.816925,116.66360703955151,5.6577669e-08
11.0,5,1000,6,1.505176,2.447685,92.41959010208343,3.3946601e-05
11.0,154,1000,6,1.490324,13.852126,92.41959010208343,1.096821e-06
11.0,304,1000,6,1.495496,19.59787,92.41959010208343,5.57415458e-07
11.0,454,1000,6,2.96534,24.094931,92.41959010208343,3.73655492e-07
11.0,604,1000,6,123.727812,27.9457,92.41959010208343,2.81014912e-07
11.0,753,1000,6,317.344259,31.377293,92.41959010208343,2.25184752e-07
11.0,903,1000,6,432.938215,34.509366,92.41959010208343,1.87861657e-07
11.0,1053,1000,6,338.923533,37.423201,92.41959010208343,1.6115168e-07
11.0,1203,1000,6,256.567957,40.156354,92.41959010208343,1.41091444e-07
11.0,1352,1000,6,155.603226,42.744274,92.41959010208343,1.25472561e-07
11.0,1502,1000,6,97.337763,45.211133,92.41959010208343,1.1296706e-07
11.0,1652,1000,6,61.414987,47.574886,92.41959010208343,1.02728405e-07
11.0,1802,1000,6,45.017566,49.844984,92.41959010208343,9.4191458e-08
11.0,1951,1000,6,28.563627,52.045355,92.41959010208343,8.6964523e-08
11.0,2101,1000,6,18.427532,54.172056,92.41959010208343,8.076755e-08
11.0,2251,1000,6,15.828557,56.237026,92.41959010208343,7.5395006e-08
11.0,2401,1000,6,9.256417,58.246453,92.41959010208343,7.0692631e-08
11.0,2550,1000,6,6.131629,60.205577,92.41959010208343,6.6542392e-08
11.0,2700,1000,6,6.335735,62.118885,92.41959010208343,6.2852437e-08
11.0,2850,1000,6,8.563293,63.984939,92.41959010208343,5.9550217e-08
11.0,3000,1000,6,6.514158,65.816925,92.41959010208343,5.6577669e-08
11.0,5,5500,6,2.811364,2.447685,265.9795443303082,3.3946601e-05
11.0,154,5500,6,2.924634,13.852126,265.9795443303082,1.096821e-06
11.0,304,5500,6,2.849716,19.59787,265.9795443303082,5.57415458e-07
11.0,454,5500,6,5.368966,24.094931,265.9795443303082,3.73655492e-07
11.0,604,5500,6,6.048365,27.9457,265.9795443303082,2.81014912e-07
11.0,753,5500,6,12.330375,31.377293,265.9795443303082,2.25184752e-07
11.0,903,5500,6,62.612598,34.509366,265.9795443303082,1.87861657e-07
11.0,1053,5500,6,146.270994,37.423201,265.9795443303082,1.6115168e-07
11.0,1203,5500,6,244.135781,40.156354,265.9795443303082,1.41091444e-07
11.0,1352,5500,6,282.093353,42.744274,265.9795443303082,1.25472561e-07
11.0,1502,5500,6,242.707964,45.211133,265.9795443303082,1.1296706e-07
11.0,1652,5500,6,188.39722,47.574886,265.9795443303082,1.02728405e-07
11.0,1802,5500,6,103.674579,49.844984,265.9795443303082,9.4191458e-08
11.0,1951,5500,6,60.093366,52.045355,265.9795443303082,8.6964523e-08
11.0,2101,5500,6,39.96301,54.172056,265.9795443303082,8.076755e-08
11.0,2251,5500,6,33.55824,56.237026,265.9795443303082,7.5395006e-08
11.0,2401,5500,6,29.636611,58.246453,265.9795443303082,7.0692631e-08
11.0,2550,5500,6,26.953155,60.205577,265.9795443303082,6.6542392e-08
11.0,2700,5500,6,23.948433,62.118885,265.9795443303082,6.2852437e-08
11.0,2850,5500,6,20.024478,63.984939,265.9795443303082,5.9550217e-08
11.0,3000,5500,6,16.734277,65.816925,265.9795443303082,5.6577669e-08
11.0,5,1500,6,2.055894,2.447685,116.66360703955151,3.3946601e-05
11.0,154,1500,6,2.021722,13.852126,116.66360703955151,1.096821e-06
11.0,304,1500,6,1.978588,19.59787,116.66360703955151,5.57415458e-07
11.0,454,1500,6,1.94338,24.094931,116.66360703955151,3.73655492e-07
11.0,604,1500,6,4.926571,27.9457,116.66360703955151,2.81014912e-07
11.0,753,1500,6,101.616837,31.377293,116.66360703955151,2.25184752e-07
11.0,903,1500,6,203.571761,34.509366,116.66360703955151,1.87861657e-07
11.0,1053,1500,6,260.784945,37.423201,116.66360703955151,1.6115168e-07
11.0,1203,1500,6,234.748275,40.156354,116.66360703955151,1.41091444e-07
11.0,1352,1500,6,178.813306,42.744274,116.66360703955151,1.25472561e-07
11.0,1502,1500,6,134.443747,45.211133,116.66360703955151,1.1296706e-07
11.0,1652,1500,6,84.727137,47.574886,116.66360703955151,1.02728405e-07
11.0,1802,1500,6,52.578966,49.844984,116.66360703955151,9.4191458e-08
11.0,1951,1500,6,31.7837,52.045355,116.66360703955151,8.6964523e-08
11.0,2101,1500,6,20.566017,54.172056,116.66360703955151,8.076755e-08
11.0,2251,1500,6,15.062476,56.237026,116.66360703955151,7.5395006e-08
11.0,2401,1500,6,12.57112,58.246453,116.66360703955151,7.0692631e-08
11.0,2550,1500,6,8.47028,60.205577,116.66360703955151,6.6542392e-08
11.0,2700,1500,6,8.207562,62.118885,116.66360703955151,6.2852437e-08
11.0,2850,1500,6,5.771066,63.984939,116.66360703955151,5.9550217e-08
11.0,3000,1500,6,8.353119,65.816925,116.66360703955151,5.6577669e-08
11.0,5,2000,7,1.661496,2.447685,138.39527023378523,3.3946601e-05
11.0,154,2000,7,1.683505,13.852126,138.39527023378523,1.096821e-06
11.0,304,2000,7,1.599754,19.59787,138.39527023378523,5.57415458e-07
11.0,454,2000,7,1.520598,24.094931,138.39527023378523,3.73655492e-07
11.0,604,2000,7,3.94202,27.9457,138.39527023378523,2.81014912e-07
11.0,753,2000,7,124.358323,31.377293,138.39527023378523,2.25184752e-07
11.0,903,2000,7,307.297967,34.509366,138.39527023378523,1.87861657e-07
11.0,1053,2000,7,465.34081,37.423201,138.39527023378523,1.6115168e-07
11.0,1203,2000,7,503.555792,40.156354,138.39527023378523,1.41091444e-07
11.0,1352,2000,7,449.877226,42.744274,138.39527023378523,1.25472561e-07
11.0,1502,2000,7,329.650481,45.211133,138.39527023378523,1.1296706e-07
11.0,1652,2000,7,225.274801,47.574886,138.39527023378523,1.02728405e-07
11.0,1802,2000,7,151.319105,49.844984,138.39527023378523,9.4191458e-08
11.0,1951,2000,7,91.543332,52.045355,138.39527023378523,8.6964523e-08
11.0,2101,2000,7,67.180869,54.172056,138.39527023378523,8.076755e-08
11.0,2251,2000,7,51.167265,56.237026,138.39527023378523,7.5395006e-08
11.0,2401,2000,7,39.71232,58.246453,138.39527023378523,7.0692631e-08
11.0,2550,2000,7,30.471127,60.205577,138.39527023378523,6.6542392e-08
11.0,2700,2000,7,25.419276,62.118885,138.39527023378523,6.2852437e-08
11.0,2850,2000,7,19.647705,63.984939,138.39527023378523,5.9550217e-08
11.0,3000,2000,7,15.045382,65.816925,138.39527023378523,5.6577669e-08
11.0,5,5500,7,2.390361,2.447685,265.9795443303082,3.3946601e-05
11.0,154,5500,7,2.231969,13.852126,265.9795443303082,1.096821e-06
11.0,304,5500,7,2.077651,19.59787,265.9795443303082,5.57415458e-07
11.0,454,5500,7,2.145132,24.094931,265.9795443303082,3.73655492e-07
11.0,604,5500,7,3.408611,27.9457,265.9795443303082,2.81014912e-07
11.0,753,5500,7,6.299266,31.377293,265.9795443303082,2.25184752e-07
11.0,903,5500,7,56.367898,34.509366,265.9795443303082,1.87861657e-07
11.0,1053,5500,7,130.021571,37.423201,265.9795443303082,1.6115168e-07
11.0,1203,5500,7,196.360517,40.156354,265.9795443303082,1.41091444e-07
11.0,1352,5500,7,221.616088,42.744274,265.9795443303082,1.25472561e-07
11.0,1502,5500,7,197.795557,45.211133,265.9795443303082,1.1296706e-07
11.0,1652,5500,7,143.496283,47.574886,265.9795443303082,1.02728405e-07
11.0,1802,5500,7,87.247914,49.844984,265.9795443303082,9.4191458e-08
11.0,1951,5500,7,55.567156,52.045355,265.9795443303082,8.6964523e-08
11.0,2101,5500,7,39.757273,54.172056,265.9795443303082,8.076755e-08
11.0,2251,5500,7,32.306155,56.237026,265.9795443303082,7.5395006e-08
11.0,2401,5500,7,27.63356,58.246453,265.9795443303082,7.0692631e-08
11.0,2550,5500,7,26.05115,60.205577,265.9795443303082,6.6542392e-08
11.0,2700,5500,7,24.089839,62.118885,265.9795443303082,6.2852437e-08
11.0,2850,5500,7,16.530408,63.984939,265.9795443303082,5.9550217e-08
11.0,3000,5500,7,14.182269,65.816925,265.9795443303082,5.6577669e-08
11.0,5,2500,7,3.10236,2.447685,158.61427608583682,3.3946601e-05
11.0,154,2500,7,2.648393,13.852126,158.61427608583682,1.096821e-06
11.0,304,2500,7,2.36597,19.59787,158.61427608583682,5.57415458e-07
11.0,454,2500,7,2.111699,24.094931,158.61427608583682,3.73655492e-07
11.0,604,2500,7,2.600249,27.9457,158.61427608583682,2.81014912e-07
11.0,753,2500,7,8.223379,31.377293,158.61427608583682,2.25184752e-07
11.0,903,2500,7,120.09548,34.509366,158.61427608583682,1.87861657e-07
11.0,1053,2500,7,194.092659,37.423201,158.61427608583682,1.6115168e-07
11.0,1203,2500,7,249.193467,40.156354,158.61427608583682,1.41091444e-07
11.0,1352,2500,7,241.543955,42.744274,158.61427608583682,1.25472561e-07
11.0,1502,2500,7,219.97223,45.211133,158.61427608583682,1.1296706e-07
11.0,1652,2500,7,170.442646,47.574886,158.61427608583682,1.02728405e-07
11.0,1802,2500,7,104.737239,49.844984,158.61427608583682,9.4191458e-08
11.0,1951,2500,7,56.657374,52.045355,158.61427608583682,8.6964523e-08
11.0,2101,2500,7,43.989707,54.172056,158.61427608583682,8.076755e-08
11.0,2251,2500,7,30.636692,56.237026,158.61427608583682,7.5395006e-08
11.0,2401,2500,7,22.474302,58.246453,158.61427608583682,7.0692631e-08
11.0,2550,2500,7,17.742484,60.205577,158.61427608583682,6.6542392e-08
11.0,2700,2500,7,16.253716,62.118885,158.61427608583682,6.2852437e-08
11.0,2850,2500,7,12.529193,63.984939,158.61427608583682,5.9550217e-08
11.0,3000,2500,7,10.045668,65.816925,158.61427608583682,5.6577669e-08
11.0,5,2000,8,1.661603,2.447685,138.39527023378523,3.3946601e-05
11.0,154,2000,8,1.609107,13.852126,138.39527023378523,1.096821e-06
11.0,304,2000,8,1.640007,19.59787,138.39527023378523,5.57415458e-07
11.0,454,2000,8,1.725737,24.094931,138.39527023378523,3.73655492e-07
11.0,604,2000,8,4.085556,27.9457,138.39527023378523,2.81014912e-07
11.0,753,2000,8,103.408354,31.377293,138.39527023378523,2.25184752e-07
11.0,903,2000,8,331.081108,34.509366,138.39527023378523,1.87861657e-07
11.0,1053,2000,8,497.018381,37.423201,138.39527023378523,1.6115168e-07
11.0,1203,2000,8,549.314399,40.156354,138.39527023378523,1.41091444e-07
11.0,1352,2000,8,448.148246,42.744274,138.39527023378523,1.25472561e-07
11.0,1502,2000,8,339.979813,45.211133,138.39527023378523,1.1296706e-07
11.0,1652,2000,8,206.236946,47.574886,138.39527023378523,1.02728405e-07
11.0,1802,2000,8,146.797866,49.844984,138.39527023378523,9.4191458e-08
11.0,1951,2000,8,96.899434,52.045355,138.39527023378523,8.6964523e-08
11.0,2101,2000,8,61.171929,54.172056,138.39527023378523,8.076755e-08
11.0,2251,2000,8,48.203606,56.237026,138.39527023378523,7.5395006e-08
11.0,2401,2000,8,40.704119,58.246453,138.39527023378523,7.0692631e-08
11.0,2550,2000,8,37.658937,60.205577,138.39527023378523,6.6542392e-08
11.0,2700,2000,8,23.619746,62.118885,138.39527023378523,6.2852437e-08
11.0,2850,2000,8,17.957607,63.984939,138.39527023378523,5.9550217e-08
11.0,3000,2000,8,14.85167,65.816925,138.39527023378523,5.6577669e-08
11.0,5,2500,8,1.868342,2.447685,158.61427608583682,3.3946601e-05
11.0,154,2500,8,1.891138,13.852126,158.61427608583682,1.096821e-06
11.0,304,2500,8,2.065547,19.59787,158.61427608583682,5.57415458e-07
11.0,454,2500,8,2.363712,24.094931,158.61427608583682,3.73655492e-07
11.0,604,2500,8,2.88252,27.9457,158.61427608583682,2.81014912e-07
11.0,753,2500,8,7.125971,31.377293,158.61427608583682,2.25184752e-07
11.0,903,2500,8,119.425704,34.509366,158.61427608583682,1.87861657e-07
11.0,1053,2500,8,205.614713,37.423201,158.61427608583682,1.6115168e-07
11.0,1203,2500,8,292.495014,40.156354,158.61427608583682,1.41091444e-07
11.0,1352,2500,8,253.673871,42.744274,158.61427608583682,1.25472561e-07
11.0,1502,2500,8,194.253841,45.211133,158.61427608583682,1.1296706e-07
11.0,1652,2500,8,144.232731,47.574886,158.61427608583682,1.02728405e-07
11.0,1802,2500,8,94.975155,49.844984,158.61427608583682,9.4191458e-08
11.0,1951,2500,8,60.283037,52.045355,158.61427608583682,8.6964523e-08
11.0,2101,2500,8,43.328162,54.172056,158.61427608583682,8.076755e-08
11.0,2251,2500,8,30.733523,56.237026,158.61427608583682,7.5395006e-08
11.0,2401,2500,8,26.901864,58.246453,158.61427608583682,7.0692631e-08
11.0,2550,2500,8,20.195233,60.205577,158.61427608583682,6.6542392e-08
11.0,2700,2500,8,16.053176,62.118885,158.61427608583682,6.2852437e-08
11.0,2850,2500,8,10.058194,63.984939,158.61427608583682,5.9550217e-08
11.0,3000,2500,8,7.247912,65.816925,158.61427608583682,5.6577669e-08
11.0,5,3000,9,2.106245,2.447685,177.82228867724976,3.3946601e-05
11.0,154,3000,9,4.832909,13.852126,177.82228867724976,1.096821e-06
11.0,304,3000,9,1.726864,19.59787,177.82228867724976,5.57415458e-07
11.0,454,3000,9,1.882647,24.094931,177.82228867724976,3.73655492e-07
11.0,604,3000,9,2.877761,27.9457,177.82228867724976,2.81014912e-07
11.0,753,3000,9,59.079739,31.377293,177.82228867724976,2.25184752e-07
11.0,903,3000,9,218.474903,34.509366,177.82228867724976,1.87861657e-07
11.0,1053,3000,9,444.851658,37.423201,177.82228867724976,1.6115168e-07
11.0,1203,3000,9,599.848975,40.156354,177.82228867724976,1.41091444e-07
11.0,1352,3000,9,538.561228,42.744274,177.82228867724976,1.25472561e-07
11.0,1502,3000,9,446.081997,45.211133,177.82228867724976,1.1296706e-07
11.0,1652,3000,9,333.437464,47.574886,177.82228867724976,1.02728405e-07
11.0,1802,3000,9,202.748882,49.844984,177.82228867724976,9.4191458e-08
11.0,1951,3000,9,130.618167,52.045355,177.82228867724976,8.6964523e-08
11.0,2101,3000,9,81.216995,54.172056,177.82228867724976,8.076755e-08
11.0,2251,3000,9,68.64861,56.237026,177.82228867724976,7.5395006e-08
11.0,2401,3000,9,54.236238,58.246453,177.82228867724976,7.0692631e-08
11.0,2550,3000,9,49.484543,60.205577,177.82228867724976,6.6542392e-08
11.0,2700,3000,9,38.832023,62.118885,177.82228867724976,6.2852437e-08
11.0,2850,3000,9,33.96822,63.984939,177.82228867724976,5.9550217e-08
11.0,3000,3000,9,28.172235,65.816925,177.82228867724976,5.6577669e-08
11.0,5,3000,10,1.657647,2.447685,177.82228867724976,3.3946601e-05
11.0,154,3000,10,3.551582,13.852126,177.82228867724976,1.096821e-06
11.0,304,3000,10,1.630077,19.59787,177.82228867724976,5.57415458e-07
11.0,454,3000,10,1.675666,24.094931,177.82228867724976,3.73655492e-07
11.0,604,3000,10,2.941082,27.9457,177.82228867724976,2.81014912e-07
11.0,753,3000,10,61.711345,31.377293,177.82228867724976,2.25184752e-07
11.0,903,3000,10,229.568535,34.509366,177.82228867724976,1.87861657e-07
11.0,1053,3000,10,518.218516,37.423201,177.82228867724976,1.6115168e-07
11.0,1203,3000,10,596.539674,40.156354,177.82228867724976,1.41091444e-07
11.0,1352,3000,10,607.499496,42.744274,177.82228867724976,1.25472561e-07
11.0,1502,3000,10,471.114939,45.211133,177.82228867724976,1.1296706e-07
11.0,1652,3000,10,345.809193,47.574886,177.82228867724976,1.02728405e-07
11.0,1802,3000,10,208.499282,49.844984,177.82228867724976,9.4191458e-08
11.0,1951,3000,10,119.771419,52.045355,177.82228867724976,8.6964523e-08
11.0,2101,3000,10,83.193016,54.172056,177.82228867724976,8.076755e-08
11.0,2251,3000,10,64.856905,56.237026,177.82228867724976,7.5395006e-08
11.0,2401,3000,10,54.031983,58.246453,177.82228867724976,7.0692631e-08
11.0,2550,3000,10,43.607347,60.205577,177.82228867724976,6.6542392e-08
11.0,2700,3000,10,36.253124,62.118885,177.82228867724976,6.2852437e-08
11.0,2850,3000,10,34.579429,63.984939,177.82228867724976,5.9550217e-08
11.0,3000,3000,10,24.152529,65.816925,177.82228867724976,5.6577669e-08
11.0,5,4000,11,1.633905,2.447685,214.26256934474358,3.3946601e-05
11.0,154,4000,11,1.703757,13.852126,214.26256934474358,1.096821e-06
11.0,304,4000,11,1.705659,19.59787,214.26256934474358,5.57415458e-07
11.0,454,4000,11,1.830238,24.094931,214.26256934474358,3.73655492e-07
11.0,604,4000,11,3.198062,27.9457,214.26256934474358,2.81014912e-07
11.0,753,4000,11,42.32588,31.377293,214.26256934474358,2.25184752e-07
11.0,903,4000,11,185.061456,34.509366,214.26256934474358,1.87861657e-07
11.0,1053,4000,11,367.039237,37.423201,214.26256934474358,1.6115168e-07
11.0,1203,4000,11,530.32721,40.156354,214.26256934474358,1.41091444e-07
11.0,1352,4000,11,584.623077,42.744274,214.26256934474358,1.25472561e-07
11.0,1502,4000,11,441.769633,45.211133,214.26256934474358,1.1296706e-07
11.0,1652,4000,11,328.758352,47.574886,214.26256934474358,1.02728405e-07
11.0,1802,4000,11,199.054763,49.844984,214.26256934474358,9.4191458e-08
11.0,1951,4000,11,136.843567,52.045355,214.26256934474358,8.6964523e-08
11.0,2101,4000,11,91.220192,54.172056,214.26256934474358,8.076755e-08
11.0,2251,4000,11,72.498094,56.237026,214.26256934474358,7.5395006e-08
11.0,2401,4000,11,62.805427,58.246453,214.26256934474358,7.0692631e-08
11.0,2550,4000,11,51.273703,60.205577,214.26256934474358,6.6542392e-08
11.0,2700,4000,11,40.941617,62.118885,214.26256934474358,6.2852437e-08
11.0,2850,4000,11,38.765762,63.984939,214.26256934474358,5.9550217e-08
11.0,3000,4000,11,28.955169,65.816925,214.26256934474358,5.6577669e-08
11.0,5,5000,12,1.830565,2.447685,249.02146285946358,3.3946601e-05
11.0,154,5000,12,1.470712,13.852126,249.02146285946358,1.096821e-06
11.0,304,5000,12,2.371676,19.59787,249.02146285946358,5.57415458e-07
11.0,454,5000,12,4.56898,24.094931,249.02146285946358,3.73655492e-07
11.0,604,5000,12,4.049377,27.9457,249.02146285946358,2.81014912e-07
11.0,753,5000,12,45.041992,31.377293,249.02146285946358,2.25184752e-07
11.0,903,5000,12,133.838522,34.509366,249.02146285946358,1.87861657e-07
11.0,1053,5000,12,337.149027,37.423201,249.02146285946358,1.6115168e-07
11.0,1203,5000,12,478.077996,40.156354,249.02146285946358,1.41091444e-07
11.0,1352,5000,12,493.791676,42.744274,249.02146285946358,1.25472561e-07
11.0,1502,5000,12,418.325782,45.211133,249.02146285946358,1.1296706e-07
11.0,1652,5000,12,275.709446,47.574886,249.02146285946358,1.02728405e-07
11.0,1802,5000,12,202.06843,49.844984,249.02146285946358,9.4191458e-08
11.0,1951,5000,12,116.426238,52.045355,249.02146285946358,8.6964523e-08
11.0,2101,5000,12,75.771949,54.172056,249.02146285946358,8.076755e-08
11.0,2251,5000,12,62.827564,56.237026,249.02146285946358,7.5395006e-08
11.0,2401,5000,12,55.051072,58.246453,249.02146285946358,7.0692631e-08
11.0,2550,5000,12,48.786584,60.205577,249.02146285946358,6.6542392e-08
11.0,2700,5000,12,45.64461,62.118885,249.02146285946358,6.2852437e-08
11.0,2850,5000,12,39.727941,63.984939,249.02146285946358,5.9550217e-08
11.0,3000,5000,12,28.238975,65.816925,249.02146285946358,5.6577669e-08
11.0,5,5000,13,1.781235,2.447685,249.02146285946358,3.3946601e-05
11.0,154,5000,13,1.697346,13.852126,249.02146285946358,1.096821e-06
11.0,304,5000,13,2.742879,19.59787,249.02146285946358,5.57415458e-07
11.0,454,5000,13,3.084844,24.094931,249.02146285946358,3.73655492e-07
11.0,604,5000,13,4.858022,27.9457,249.02146285946358,2.81014912e-07
11.0,753,5000,13,45.756928,31.377293,249.02146285946358,2.25184752e-07
11.0,903,5000,13,131.884945,34.509366,249.02146285946358,1.87861657e-07
11.0,1053,5000,13,310.469826,37.423201,249.02146285946358,1.6115168e-07
11.0,1203,5000,13,496.810441,40.156354,249.02146285946358,1.41091444e-07
11.0,1352,5000,13,581.362453,42.744274,249.02146285946358,1.25472561e-07
11.0,1502,5000,13,495.467191,45.211133,249.02146285946358,1.1296706e-07
11.0,1652,5000,13,293.529399,47.574886,249.02146285946358,1.02728405e-07
11.0,1802,5000,13,174.983862,49.844984,249.02146285946358,9.4191458e-08
11.0,1951,5000,13,111.912644,52.045355,249.02146285946358,8.6964523e-08
11.0,2101,5000,13,82.713583,54.172056,249.02146285946358,8.076755e-08
11.0,2251,5000,13,62.347533,56.237026,249.02146285946358,7.5395006e-08
11.0,2401,5000,13,57.079115,58.246453,249.02146285946358,7.0692631e-08
11.0,2550,5000,13,47.293255,60.205577,249.02146285946358,6.6542392e-08
11.0,2700,5000,13,41.928775,62.118885,249.02146285946358,6.2852437e-08
11.0,2850,5000,13,40.208169,63.984939,249.02146285946358,5.9550217e-08
11.0,3000,5000,13,30.22462,65.816925,249.02146285946358,5.6577669e-08
11.0,5,4000,14,1.603444,2.447685,214.26256934474358,3.3946601e-05
11.0,154,4000,14,1.625797,13.852126,214.26256934474358,1.096821e-06
11.0,304,4000,14,1.719764,19.59787,214.26256934474358,5.57415458e-07
11.0,454,4000,14,1.892815,24.094931,214.26256934474358,3.73655492e-07
11.0,604,4000,14,3.863996,27.9457,214.26256934474358,2.81014912e-07
11.0,753,4000,14,53.542951,31.377293,214.26256934474358,2.25184752e-07
11.0,903,4000,14,209.753163,34.509366,214.26256934474358,1.87861657e-07
11.0,1053,4000,14,428.506391,37.423201,214.26256934474358,1.6115168e-07
11.0,1203,4000,14,566.32202,40.156354,214.26256934474358,1.41091444e-07
11.0,1352,4000,14,635.647763,42.744274,214.26256934474358,1.25472561e-07
11.0,1502,4000,14,508.199566,45.211133,214.26256934474358,1.1296706e-07
11.0,1652,4000,14,352.511851,47.574886,214.26256934474358,1.02728405e-07
11.0,1802,4000,14,214.250322,49.844984,214.26256934474358,9.4191458e-08
11.0,1951,4000,14,113.840585,52.045355,214.26256934474358,8.6964523e-08
11.0,2101,4000,14,83.762778,54.172056,214.26256934474358,8.076755e-08
11.0,2251,4000,14,67.568082,56.237026,214.26256934474358,7.5395006e-08
11.0,2401,4000,14,60.342489,58.246453,214.26256934474358,7.0692631e-08
11.0,2550,4000,14,52.780963,60.205577,214.26256934474358,6.6542392e-08
11.0,2700,4000,14,47.208448,62.118885,214.26256934474358,6.2852437e-08
11.0,2850,4000,14,40.191863,63.984939,214.26256934474358,5.9550217e-08
11.0,3000,4000,14,35.045331,65.816925,214.26256934474358,5.6577669e-08
