ESP_V (kV),V2,V1,R,Dp1,Dp2,Zp1,Zp2,z1_raw,z1_raw_error,N_deconv,f1,R_conv,z1
11.0,250,5,1.9963894999999998,2.447685,43.548602413525415,3.3967090393753065e-05,1.2362447540987813e-07,275,0.0008726194549765801,19.543570067504135,0.033426207918412665,1.7717400891275874e-29,1
11.0,250,154,2.1324195,13.852126,43.548602413525415,1.1028276101867882e-06,1.2362447540987813e-07,9,0.008879600410615926,28.771275826716693,0.04920874970847385,0.2586166898397204,3
11.0,250,304,3.3775145,19.59787,43.548602413525415,5.586692498972545e-07,1.2362447540987813e-07,5,0.10641918659750114,2.3664493362297683,0.0040474400157180564,0.1980284390077408,5
11.0,250,454,28.418321,24.094931,43.548602413525415,3.7408689860961534e-07,1.2362447540987813e-07,3,0.008590176219870786,0.7253521260321467,0.0012406009186176075,3.049666526426894,7
11.0,250,604,39.008371,27.9457,43.548602413525415,2.8118452312709494e-07,1.2362447540987813e-07,2,0.12068790959882802,1.984975249290834,0.0033949884881074783,0.1374568776263766,9
11.0,250,753,32.025389,31.377293,43.548602413525415,2.2554508893594335e-07,1.2362447540987813e-07,2,0.0962284835630505,0.6162015536527046,0.0010539160031100016,2.83478414260414e-28,11
11.0,250,903,12.7254015,34.509366,43.548602413525415,1.8807912731867702e-07,1.2362447540987813e-07,2,0.3146006914441362,1.375555852104318e-13,2.352672298715799e-16,0.004302040353669639,13
11.0,250,1053,8.4585945,37.423201,43.548602413525415,1.61287228840233e-07,1.2362447540987813e-07,1,0.23351355033738905,1.1721562691437993e-13,2.0047892493510628e-16,0.6398810294459277,15
11.0,250,1203,7.349918,40.156354,43.548602413525415,1.4117660180279745e-07,1.2362447540987813e-07,1,0.12432744639684605,4.0134253888908505e-14,6.864333949771247e-17,1.339803574794514,17
11.0,250,1352,6.724861499999999,42.744274,43.548602413525415,1.2561793784671993e-07,1.2362447540987813e-07,1,0.015869249815906893,2.1890243192334975e-13,3.7439823829743666e-16,2.033357221097996,19
11.0,250,1502,8.0790365,45.211133,43.548602413525415,1.1307287081808611e-07,1.2362447540987813e-07,1,0.09331685412463601,5.545862097560508e-13,9.485326320605855e-16,1.5385927237117805,21
11.0,250,1652,6.485951,47.574886,43.548602413525415,1.0280596366148023e-07,1.2362447540987813e-07,1,0.20250295806517893,4.515320568883465e-14,7.722746848834e-17,0.8386701783631925,23
11.0,250,1802,5.511368,49.844984,43.548602413525415,9.424830852872661e-08,1.2362447540987813e-07,1,0.31168906200572166,1.1130978544203502e-13,1.903779104169847e-16,0.13888893153598067,25
11.0,250,1951,4.5250725,52.045355,43.548602413525415,8.705046231100223e-08,1.2362447540987813e-07,1,0.420147258586661,4.84487289183867e-13,8.286394351774765e-16,9.319519163837756e-16,27
11.0,250,2101,3.5390385,54.172056,43.548602413525415,8.083553163672792e-08,1.2362447540987813e-07,1,0.5293333625272038,1.890028315538217e-13,3.232596666251563e-16,1.87471306145505e-27,29
11.0,250,2251,2.799467,56.237026,43.548602413525415,7.544889025711477e-08,1.2362447540987813e-07,1,0.6385194664677467,1.8807661279475835e-13,3.216755148703107e-16,1.2807513663396313e-27,31
11.0,250,2401,2.267756,58.246453,43.548602413525415,7.073529861256365e-08,1.2362447540987813e-07,1,0.7477055704082898,1.8929390332443214e-13,3.237574991854306e-16,1.1521023559436755e-15,33
11.0,250,2550,2.110846,60.205577,43.548602413525415,6.660213802696679e-08,1.2362447540987813e-07,1,0.8561637669892292,6.232661481639372e-13,1.0659988827566624e-15,1.544532154759292e-58,35
11.0,250,2700,2.0517095,62.118885,43.548602413525415,6.290201924769088e-08,1.2362447540987813e-07,1,0.9653498709297715,1.3292714711278374e-13,2.2735101325122297e-16,1.1469706979906327e-15,37
11.0,250,2850,2.0176435,63.984939,43.548602413525415,5.959138665570714e-08,1.2362447540987813e-07,1,1.0745359748703145,1.4927783753008014e-14,2.5531630186586066e-17,5.786170069465732e-16,39
11.0,250,3000,1.9383425,65.816925,43.548602413525415,5.6611817322921784e-08,1.2362447540987813e-07,1,1.1837220788108573,3.018919893422081e-13,5.163388454515148e-16,6.754100750884374e-15,41
11.0,500,5,1.8826135000000002,2.447685,63.02949098931892,3.3967090393753065e-05,6.181223770493906e-08,550,0.0008726194567610626,19.203819134958934,0.03284511729512816,1.2046634778820967e-14,1
11.0,500,154,2.2431785,13.852126,63.02949098931892,1.1028276101867882e-06,6.181223770493906e-08,18,0.008879600412414713,346.98260283836237,0.5934592598223432,0.5999212641776144,3
11.0,500,304,2.7187635,19.59787,63.02949098931892,5.586692498972545e-07,6.181223770493906e-08,9,0.004222732060473673,210.09002751001876,0.35932600424993655,1.66119272597507,5
11.0,500,454,60.072855000000004,24.094931,63.02949098931892,3.7408689860961534e-07,6.181223770493906e-08,6,0.0085901762181031,32.45942947566298,0.0555167574204177,16.192846609546983,7
11.0,500,604,207.8943825,27.9457,63.02949098931892,2.8118452312709494e-07,6.181223770493906e-08,5,0.09914011300342479,1.427825400692014,0.002442071154342438,20.357390105977746,9
11.0,500,753,211.9218035,31.377293,63.02949098931892,2.2554508893594335e-07,6.181223770493906e-08,4,0.096228483565005,0.507352781551017,0.000867747269589577,22.262596732127683,11
11.0,500,903,171.554776,34.509366,63.02949098931892,1.8807912731867702e-07,6.181223770493906e-08,3,0.014049481415139892,0.420147564561142,0.0007185964386715022,45.70174879134098,13
11.0,500,1053,98.350747,37.423201,63.02949098931892,1.61287228840233e-07,6.181223770493906e-08,3,0.14972967449596639,1.180171019111298,0.0020184972207146546,26.285342630539215,15
11.0,500,1203,59.4660995,40.156354,63.02949098931892,1.4117660180279745e-07,6.181223770493906e-08,2,0.12432744639528479,1.9401944736610917,0.003318398002757188,2.8383466862929367,17
11.0,500,1352,38.418746,42.744274,63.02949098931892,1.2561793784671993e-07,6.181223770493906e-08,2,0.015869249814152254,1.8197869618042672,0.003112459859809749,2.1319243635188592e-13,19
11.0,500,1502,24.9577065,45.211133,63.02949098931892,1.1307287081808611e-07,6.181223770493906e-08,2,0.09331685412658533,1.0597635072546114,0.0018125590777674518,2.0638681921139283e-13,21
11.0,500,1652,14.798413,47.574886,63.02949098931892,1.0280596366148023e-07,6.181223770493906e-08,2,0.2025029580673229,0.29974005270438575,0.0005126582957241801,1.388394587529443e-13,23
11.0,500,1802,8.780067500000001,49.844984,63.02949098931892,9.424830852872661e-08,6.181223770493906e-08,2,0.31168906200806035,7.547409344135423e-13,1.2908658607974561e-15,0.0008706591134592424,25
11.0,500,1951,6.3262195,52.045355,63.02949098931892,8.705046231100223e-08,6.181223770493906e-08,1,0.28992637070540345,5.916587640882439e-13,1.0119394152068746e-15,0.3439312316150621,27
11.0,500,2101,6.678528,54.172056,63.02949098931892,8.083553163672792e-08,6.181223770493906e-08,1,0.23533331873503474,1.7492911116177842e-12,2.9918877771462675e-15,0.7764944533895901,29
11.0,500,2251,5.845685,56.237026,63.02949098931892,7.544889025711477e-08,6.181223770493906e-08,1,0.18074026676466598,1.2446204149765291e-12,2.128727792660634e-15,1.2090576751641828,31
11.0,500,2401,5.9379785,58.246453,63.02949098931892,7.073529861256365e-08,6.181223770493906e-08,1,0.12614721479429708,9.592124121157325e-13,1.6405822178116142e-15,1.641620896938787,33
11.0,500,2550,4.8343240000000005,60.205577,63.02949098931892,6.660213802696679e-08,6.181223770493906e-08,1,0.07191811650373069,4.582521974228886e-13,7.837684300882261e-16,2.071300363901558,35
11.0,500,2700,4.406945,62.118885,63.02949098931892,6.290201924769088e-08,6.181223770493906e-08,1,0.017325064533362182,2.7544118230190232e-12,4.710988932480438e-15,2.5037744847027374,37
11.0,500,2850,3.8842935,63.984939,63.02949098931892,5.959138665570714e-08,6.181223770493906e-08,1,0.03726798743700665,1.057404565793606e-12,1.8085244787934373e-15,2.3458475987902774,39
11.0,500,3000,3.729308,65.816925,63.02949098931892,5.6611817322921784e-08,6.181223770493906e-08,1,0.09186103940737543,7.831703837528174e-13,1.3394899699718937e-15,1.9132843770414842,41
11.0,750,5,1.8513765000000002,2.447685,78.68725279369392,3.3967090393753065e-05,4.120815846995938e-08,824,0.0003405594765024441,1.7278692989051325,0.00295524913010025,5.65531878940615e-20,1
11.0,750,154,1.6652619999999998,13.852126,78.68725279369392,1.1028276101867882e-06,4.120815846995938e-08,27,0.008879600411820815,277.7881546095032,0.47511302086452595,0.676321563622596,3
11.0,750,304,1.65748,19.59787,78.68725279369392,5.586692498972545e-07,4.120815846995938e-08,14,0.03265790749223425,512.4166021177539,0.8764081395606537,0.3974986793378109,5
11.0,750,454,5.075778,24.094931,78.68725279369392,3.7408689860961534e-07,4.120815846995938e-08,9,0.008590176218686999,194.54099123518597,0.33273181917227246,9.310920825222533,7
11.0,750,604,147.641501,27.9457,78.68725279369392,2.8118452312709494e-07,4.120815846995938e-08,7,0.02586410546925912,0.7409408485069178,0.001267262980708839,42.43805931850868,9
11.0,750,753,264.984318,31.377293,78.68725279369392,2.2554508893594335e-07,4.120815846995938e-08,5,0.08647626369636703,0.0,0.0,62.08838560500306,11
11.0,750,903,250.10402549999998,34.509366,78.68725279369392,1.8807912731867702e-07,4.120815846995938e-08,5,0.09550057620475504,1.7895791455585124,0.003060794133276462,55.20906312851183,13
11.0,750,1053,199.8625845,37.423201,78.68725279369392,1.61287228840233e-07,4.120815846995938e-08,4,0.02198193288470173,1.3895933956931399,0.0023766813128848086,25.523695324551625,15
11.0,750,1203,128.257387,40.156354,78.68725279369392,1.4117660180279745e-07,4.120815846995938e-08,3,0.1243274463958004,0.4861839980932253,0.0008315413893539826,26.29781130264999,17
11.0,750,1352,86.233927,42.744274,78.68725279369392,1.2561793784671993e-07,4.120815846995938e-08,3,0.015869249814731725,0.19389211324246525,0.0003316220152509086,39.943941581351076,19
11.0,750,1502,53.4366335,45.211133,78.68725279369392,1.1307287081808611e-07,4.120815846995938e-08,3,0.09331685412594157,0.5286430689462487,0.0009041609632319206,30.19959156947233,21
11.0,750,1652,31.142545,47.574886,78.68725279369392,1.0280596366148023e-07,4.120815846995938e-08,2,0.19833136128892334,0.8633940246492716,0.001476699911211632,16.461480792409926,23
11.0,750,1802,21.657849499999998,49.844984,78.68725279369392,9.424830852872661e-08,4.120815846995938e-08,2,0.12554062532847457,1.1981449803528197,0.0020492388591922413,2.7233717936329267,25
11.0,750,1951,13.431115,52.045355,78.68725279369392,8.705046231100223e-08,4.120815846995938e-08,2,0.05323516094109532,1.4525587300243936,0.002484373630600517,2.0372784627536582e-05,27
11.0,750,2101,11.777527,54.172056,78.68725279369392,8.083553163672792e-08,4.120815846995938e-08,2,0.019555575019353448,1.1185950741814579,0.0019131812354116473,1.4152887715893503e-05,29
11.0,750,2251,9.201862,56.237026,78.68725279369392,7.544889025711477e-08,4.120815846995938e-08,2,0.09234631097980228,0.7838441184779633,0.0013406422874311292,7.932990720681321e-06,31
11.0,750,2401,6.0696639999999995,58.246453,78.68725279369392,7.073529861256365e-08,4.120815846995938e-08,2,0.1651370469402513,0.44909316277421696,0.0007681033394501807,1.7130937498230592e-06,33
11.0,750,2550,5.151066999999999,60.205577,78.68725279369392,6.660213802696679e-08,4.120815846995938e-08,2,0.2374425113276306,0.11434220854855173,0.00019556439399725777,6.844558275552703e-16,35
11.0,750,2700,7.074547,62.118885,78.68725279369392,6.290201924769088e-08,4.120815846995938e-08,2,0.31023324728807905,1.4942016929067605e-12,2.5555973799378607e-15,1.718140090603844e-05,37
11.0,750,2850,5.3524465,63.984939,78.68725279369392,5.959138665570714e-08,4.120815846995938e-08,1,0.308488008375736,7.519334062101262e-13,1.2860640246365064e-15,0.019444720254874693,39
11.0,750,3000,4.110887,65.816925,78.68725279369392,5.6611817322921784e-08,4.120815846995938e-08,1,0.27209264039551156,1.459068887843108e-12,2.4955082333408758e-15,0.04792886036687912,41
11.0,1000,5,1.7580395,2.447685,92.41959010208345,3.3967090393753065e-05,3.090611885246953e-08,1000,0.09011580049335796,1.1923975194732858e-13,2.0394087298096022e-16,6.436642314247309e-14,1
11.0,1000,154,1.6836695000000002,13.852126,92.41959010208345,1.1028276101867882e-06,3.090611885246953e-08,36,0.008879600412964449,181.9507519546323,0.31119819177048536,0.8357048205168962,3
11.0,1000,304,1.4913815,19.59787,92.41959010208345,5.586692498972545e-07,3.090611885246953e-08,18,0.0042227320599310765,756.3441523375384,1.2936079133232188,0.5729359566810304,5
11.0,1000,454,3.0075149999999997,24.094931,92.41959010208345,3.7408689860961534e-07,3.090611885246953e-08,12,0.008590176217562931,562.131609019907,0.9614378527418603,9.923564877878778,7
11.0,1000,604,115.850543,27.9457,92.41959010208345,2.8118452312709494e-07,3.090611885246953e-08,9,0.010773898296378811,183.7842048406521,0.31433402504787683,58.4239775897298,9
11.0,1000,753,303.535187,31.377293,92.41959010208345,2.2554508893594335e-07,3.090611885246953e-08,7,0.04080007688009788,27.118578624792224,0.046382070646926066,97.67515206188563,11
11.0,1000,903,395.00919999999996,34.509366,92.41959010208345,1.8807912731867702e-07,3.090611885246953e-08,6,0.014049481414602697,0.0,0.0,109.94501656155796,13
11.0,1000,1053,323.87075500000003,37.423201,92.41959010208345,1.61287228840233e-07,3.090611885246953e-08,5,0.041891937919505906,0.0,0.0,110.61920109609962,15
11.0,1000,1203,245.50604399999997,40.156354,92.41959010208345,1.4117660180279745e-07,3.090611885246953e-08,5,0.09459069200649058,1.593003525441671,0.00272458240087441,90.72012154405162,17
11.0,1000,1352,165.470411,42.744274,92.41959010208345,1.2561793784671993e-07,3.090611885246953e-08,4,0.015869249813615982,1.6421421781001326,0.0028086263506194717,47.98620923241575,19
11.0,1000,1502,99.010974,45.211133,92.41959010208345,1.1307287081808611e-07,3.090611885246953e-08,4,0.0933168541271811,0.9983889475693315,0.0017075875303042617,16.83684919177579,21
11.0,1000,1652,63.58892850000001,47.574886,92.41959010208345,1.0280596366148023e-07,3.090611885246953e-08,3,0.09812278144901636,0.35463571819030204,0.0006065487119589763,22.391748503101848,23
11.0,1000,1802,42.744742,49.844984,92.41959010208345,9.424830852872661e-08,3.090611885246953e-08,3,0.016233203493418672,0.1367460467351224,0.00023388264142125165,27.967342591790437,25
11.0,1000,1951,29.235808,52.045355,92.41959010208345,8.705046231100223e-08,3.090611885246953e-08,3,0.0651104439424752,0.36254215934012957,0.0006200714380963191,23.54540672897968,27
11.0,1000,2101,20.4608685,54.172056,92.41959010208345,8.083553163672792e-08,3.090611885246953e-08,3,0.1470000218980729,0.5883382719460708,0.0010062602347729842,16.593793015544758,29
11.0,1000,2251,14.5723635,56.237026,92.41959010208345,7.544889025711477e-08,3.090611885246953e-08,2,0.18074026676421956,0.8141343845527629,0.0013924490314509335,9.64217926529766,31
11.0,1000,2401,9.8912205,58.246453,92.41959010208345,7.073529861256365e-08,3.090611885246953e-08,2,0.1261472147938209,1.0399304971593404,0.0017786378281286867,2.501921311687651,33
11.0,1000,2550,7.048451,60.205577,92.41959010208345,6.660213802696679e-08,3.090611885246953e-08,2,0.07191811650322495,1.265726544955762,0.0021648265139588446,0.4260597977494206,35
11.0,1000,2700,5.865149,62.118885,92.41959010208345,6.290201924769088e-08,3.090611885246953e-08,2,0.017325064532826704,1.1941826384719987,0.00204246189556202,0.29897679038453173,37
11.0,1000,2850,8.451627,63.984939,92.41959010208345,5.959138665570714e-08,3.090611885246953e-08,2,0.03726798743757188,0.9683865258643588,0.0016562730988824497,0.17189378301950248,39
11.0,1000,3000,6.5781469999999995,65.816925,92.41959010208345,5.6611817322921784e-08,3.090611885246953e-08,2,0.09186103940797041,0.7425904132592044,0.0012700843022071305,0.04481077565858956,41
11.0,1250,5,1.9019545,2.447685,104.95495254029636,3.3967090393753065e-05,2.4724895081975628e-08,1000,0.27209264039525344,5.058961607081067e-14,8.652559483527077e-17,1.6100852055678776e-16,1
11.0,1250,154,1.9056160000000002,13.852126,104.95495254029636,1.1028276101867882e-06,2.4724895081975628e-08,45,0.008879600412178345,57.1425008890584,0.09773327539944578,0.5746567908314754,3
11.0,1250,304,1.9153369999999998,19.59787,104.95495254029636,5.586692498972545e-07,2.4724895081975628e-08,23,0.01790565167127738,439.7982011661662,0.7522057670910255,1.0265499888466185,5
11.0,1250,454,2.0255975,24.094931,104.95495254029636,3.7408689860961534e-07,2.4724895081975628e-08,15,0.008590176218335329,496.7878173353974,0.8496775571827797,1.6156932906045753,7
11.0,1250,604,6.987030000000001,27.9457,104.95495254029636,2.8118452312709494e-07,2.4724895081975628e-08,11,0.03275670055721263,215.81727873762296,0.3691215681962187,21.04951638904329,9
11.0,1250,753,127.7780225,31.377293,104.95495254029636,2.2554508893594335e-07,2.4724895081975628e-08,9,0.013394364791726558,30.520072604035512,0.05219979200442087,74.05237465546008,11
11.0,1250,903,226.781681,34.509366,104.95495254029636,1.8807912731867702e-07,2.4724895081975628e-08,8,0.05168055315693781,0.0,0.0,102.64411258177395,13
11.0,1250,1053,246.0628715,37.423201,104.95495254029636,1.61287228840233e-07,2.4724895081975628e-08,7,0.07308102952931739,1.1758246591092032,0.002011063454385551,110.61226609464923,15
11.0,1250,1203,213.511423,40.156354,104.95495254029636,1.4117660180279745e-07,2.4724895081975628e-08,6,0.05080706432541203,1.6254018898513762,0.00277999471608779,97.95424373530561,17
11.0,1250,1352,168.65898199999998,42.744274,104.95495254029636,1.2561793784671993e-07,2.4724895081975628e-08,5,0.01586924981438278,1.3190351252738175,0.002256002470214123,88.10400235004938,19
11.0,1250,1502,101.4719415,45.211133,104.95495254029636,1.1307287081808611e-07,2.4724895081975628e-08,5,0.09331685412632923,1.3236373771854817,0.0022638738994750435,65.31077614114191,21
11.0,1250,1652,61.865809999999996,47.574886,104.95495254029636,1.0280596366148023e-07,2.4724895081975628e-08,4,0.037997633546366906,1.5891565195010942,0.0027180027012602185,42.32255641868547,23
11.0,1250,1802,38.60266,49.844984,104.95495254029636,9.424830852872661e-08,2.4724895081975628e-08,4,0.04935124960620258,1.1432164106742395,0.001955292165502427,17.267426012151603,25
11.0,1250,1951,26.013927,52.045355,104.95495254029636,8.705046231100223e-08,2.4724895081975628e-08,4,0.13611780687108846,0.6972762736107138,0.0011925815814502433,11.148832499525986,27
11.0,1250,2101,17.819417,54.172056,104.95495254029636,8.083553163672792e-08,2.4724895081975628e-08,3,0.0823999824822567,0.2513362471739324,0.0004298711866077354,9.71247100556958,29
11.0,1250,2251,12.5780385,56.237026,104.95495254029636,7.544889025711477e-08,2.4724895081975628e-08,3,0.016888320117829543,0.21071977619502982,0.0003604030904940987,9.51476434429153,31
11.0,1250,2401,9.3350115,58.246453,104.95495254029636,7.073529861256365e-08,2.4724895081975628e-08,3,0.04862334224659779,0.5441256926901413,0.0009306415601033396,8.879365380020822,33
11.0,1250,2550,7.3333984999999995,60.205577,104.95495254029636,6.660213802696679e-08,2.4724895081975628e-08,3,0.11369826019526223,0.8775316091830969,0.0015008800297088933,7.313186571469975,35
11.0,1250,2700,4.972608,62.118885,104.95495254029636,6.290201924769088e-08,2.4724895081975628e-08,3,0.17920992255968907,1.2109375256774644,0.0020711184993168616,5.736498214301548,37
11.0,1250,2850,6.580465500000001,63.984939,104.95495254029636,5.959138665570714e-08,2.4724895081975628e-08,2,0.17018561005058896,1.5443434421710547,0.002641356968923501,3.819842252565921,39
11.0,1250,3000,5.921525,65.816925,104.95495254029636,5.6611817322921784e-08,2.4724895081975628e-08,2,0.12651116847430416,1.8777493586667484,0.003211595438533738,1.745142845888073,41
11.0,1500,5,2.020419,2.447685,116.66360703955152,3.3967090393753065e-05,2.060407923497969e-08,1000,0.3934105336629026,9.699707138535027e-14,1.6589826036926802e-16,4.0886845618728147e-16,1
11.0,1500,154,2.051609,13.852126,116.66360703955152,1.1028276101867882e-06,2.060407923497969e-08,54,0.008879600411860178,40.2966265499801,0.06892105243912994,0.11717256656308231,3
11.0,1500,304,2.0049325000000002,19.59787,116.66360703955152,5.586692498972545e-07,2.060407923497969e-08,27,0.0042227320610210076,340.9169118058795,0.5830848477307802,1.1572838259845393,5
11.0,1500,454,2.073331,24.094931,116.66360703955152,3.7408689860961534e-07,2.060407923497969e-08,18,0.008590176218648223,672.2513990641735,1.1497804628810362,1.4663936626115253,7
11.0,1500,604,5.251305,27.9457,116.66360703955152,2.8118452312709494e-07,2.060407923497969e-08,14,0.025864105469299223,424.97057066237306,0.7268454333114109,16.263068132067367,9
11.0,1500,753,111.6403435,31.377293,116.66360703955152,2.2554508893594335e-07,2.060407923497969e-08,11,0.004876109934035564,166.68488201782014,0.2850883182519417,65.72793598983506,11
11.0,1500,903,215.20730300000002,34.509366,116.66360703955152,1.8807912731867702e-07,2.060407923497969e-08,9,0.014049481415682012,25.01735652835232,0.042788260179556684,116.39306708471314,13
11.0,1500,1053,268.1258985,37.423201,116.66360703955152,1.61287228840233e-07,2.060407923497969e-08,8,0.021981932884741612,0.0,0.0,120.15630931233609,15
11.0,1500,1203,267.429689,40.156354,116.66360703955152,1.4117660180279745e-07,2.060407923497969e-08,7,0.021617979204939627,0.0,0.0,123.3963054505857,17
11.0,1500,1352,206.9332675,42.744274,116.66360703955152,1.2561793784671993e-07,2.060407923497969e-08,6,0.015869249814693377,3.421785312507874,0.005852426496949937,92.19990124827002,19
11.0,1500,1502,135.763851,45.211133,116.66360703955152,1.1307287081808611e-07,2.060407923497969e-08,5,0.08890262156167975,2.559240143457017,0.004377178419954228,64.0265868752236,21
11.0,1500,1652,85.245807,47.574886,116.66360703955152,1.0280596366148023e-07,2.060407923497969e-08,5,0.002085798388884901,1.6966949744070166,0.002901930342959986,57.70787193391524,23
11.0,1500,1802,57.1820425,49.844984,116.66360703955152,9.424830852872661e-08,2.060407923497969e-08,5,0.0930742183394494,1.327614630678087,0.0022706763670758377,41.07560963016166,25
11.0,1500,1951,35.329462,52.045355,116.66360703955152,8.705046231100223e-08,2.060407923497969e-08,4,0.05323516094105838,1.708823096738349,0.0029226735918805678,26.50132451422684,27
11.0,1500,2101,23.0416625,54.172056,116.66360703955152,8.083553163672792e-08,2.060407923497969e-08,4,0.019555575019393232,1.371524368272807,0.0023457770786354175,12.371754194253176,29
11.0,1500,2251,16.888486999999998,56.237026,116.66360703955152,7.544889025711477e-08,2.060407923497969e-08,4,0.0923463109798449,0.9880240225944343,0.0016898599536090634,3.65567678943762,31
11.0,1500,2401,12.603325,58.246453,116.66360703955152,7.073529861256365e-08,2.060407923497969e-08,3,0.12614721479477756,0.6045236769155555,0.001033942828581844,4.682384084915566,33
11.0,1500,2550,8.8885455,60.205577,116.66360703955152,6.660213802696679e-08,2.060407923497969e-08,3,0.07191811650424099,0.2210255794421377,0.00037802954875705786,5.637161716719522,35
11.0,1500,2700,7.8235695,62.118885,116.66360703955152,6.290201924769088e-08,2.060407923497969e-08,3,0.017325064533902503,0.27249667350952655,0.00046606277329802506,6.598347225743389,37
11.0,1500,2850,6.524789,63.984939,116.66360703955152,5.959138665570714e-08,2.060407923497969e-08,3,0.03726798743643631,0.6863573866106274,0.001173906539692678,6.073718128384251,39
11.0,1500,3000,8.4375045,65.816925,116.66360703955152,5.6611817322921784e-08,2.060407923497969e-08,3,0.09186103940677508,1.1002180997124569,0.0018817503060885772,4.858366575288302,41
11.0,2000,5,1.6615495,2.447685,138.39527023378523,3.3967090393753065e-05,1.5453059426234766e-08,1000,0.5450579002467755,9.900293293236886e-14,1.6932897159012507e-16,2.608713604415187e-15,1
11.0,2000,154,1.646306,13.852126,138.39527023378523,1.1028276101867882e-06,1.5453059426234766e-08,71,0.005132616259648925,22.945536500452377,0.039244737333786306,5.910120109468849e-14,3
11.0,2000,304,1.6198804999999998,19.59787,138.39527023378523,5.586692498972545e-07,1.5453059426234766e-08,36,0.004222732060142392,226.2029680441924,0.38688465902037944,0.9789513735219996,5
11.0,2000,454,1.6231675,24.094931,138.39527023378523,3.7408689860961534e-07,1.5453059426234766e-08,24,0.008590176217773225,790.636353133098,1.352259338309192,1.1611130369435654,7
11.0,2000,604,4.013788,27.9457,138.39527023378523,2.8118452312709494e-07,1.5453059426234766e-08,18,0.010773898296588735,1074.145614884439,1.8371574146260257,17.60951592208861,9
11.0,2000,753,113.88333850000001,31.377293,138.39527023378523,2.2554508893594335e-07,1.5453059426234766e-08,15,0.027714203342534185,706.6404218139205,1.2085974866169082,85.9682676312778,11
11.0,2000,903,319.18953750000003,34.509366,138.39527023378523,1.8807912731867702e-07,1.5453059426234766e-08,12,0.014049481414811833,330.23325417577365,0.5648121288754446,175.93214965001619,13
11.0,2000,1053,481.1795955,37.423201,138.39527023378523,1.61287228840233e-07,1.5453059426234766e-08,10,0.04189193791970924,106.49807872200357,0.1821482415944176,226.48905245856585,15
11.0,2000,1203,526.4350955,40.156354,138.39527023378523,1.4117660180279745e-07,1.5453059426234766e-08,9,0.014868377194367675,9.256636930871107,0.01583202401648357,263.6579177835093,17
11.0,2000,1352,449.012736,42.744274,138.39527023378523,1.2561793784671993e-07,1.5453059426234766e-08,8,0.0158692498138248,0.0,0.0,205.36478203416905,19
11.0,2000,1502,334.815147,45.211133,138.39527023378523,1.1307287081808611e-07,1.5453059426234766e-08,7,0.04334775263891944,0.0,0.0,178.5782835747956,21
11.0,2000,1652,215.7558735,47.574886,138.39527023378523,1.0280596366148023e-07,1.5453059426234766e-08,7,0.05219008830925775,0.0,0.0,125.12312882646167,23
11.0,2000,1802,149.05848550000002,49.844984,138.39527023378523,9.424830852872661e-08,1.5453059426234766e-08,6,0.016233203493627345,3.1300333450629547,0.005353430566793085,94.02599369688699,25
11.0,2000,1951,94.221383,52.045355,138.39527023378523,8.705046231100223e-08,1.5453059426234766e-08,6,0.06511044394224927,2.4686355928484502,0.004222213562636168,63.35397363409617,27
11.0,2000,2101,64.176399,54.172056,138.39527023378523,8.083553163672792e-08,1.5453059426234766e-08,5,0.044166648418475354,1.8072378406344138,0.003090996558480053,34.26076867417075,29
11.0,2000,2251,49.6854355,56.237026,138.39527023378523,7.544889025711477e-08,1.5453059426234766e-08,5,0.0240746665445083,1.1458400884188815,0.0019597795543213783,36.159668851880085,31
11.0,2000,2401,40.2082195,58.246453,138.39527023378523,7.073529861256365e-08,1.5453059426234766e-08,5,0.09231598150749214,0.7874037870801691,0.0013467305416450213,28.11863625890107,33
11.0,2000,2550,34.065032,60.205577,138.39527023378523,6.660213802696679e-08,1.5453059426234766e-08,4,0.07191811650342188,0.9643837616517722,0.001649426999200756,20.46786817457183,35
11.0,2000,2700,24.519511,62.118885,138.39527023378523,6.290201924769088e-08,1.5453059426234766e-08,4,0.017325064533035214,0.9914020571291485,0.001695637551270234,13.12707277679715,37
11.0,2000,2850,18.802656,63.984939,138.39527023378523,5.959138665570714e-08,1.5453059426234766e-08,4,0.03726798743735178,0.8144220825572499,0.0013929410937139938,5.861568262651478,39
11.0,2000,3000,14.948526000000001,65.816925,138.39527023378523,5.6611817322921784e-08,1.5453059426234766e-08,4,0.09186103940773872,0.6374421079857064,0.0010902446361583612,2.100610585145902,41
11.0,2500,5,2.485351,2.447685,158.61427608583682,3.3967090393753065e-05,1.2362447540987814e-08,1000,0.6360463201977004,7.886235793175825e-14,1.348816804738418e-16,4.406247083173722e-14,1
11.0,2500,154,2.2697655,13.852126,158.61427608583682,1.1028276101867882e-06,1.2362447540987814e-08,89,0.0023301729259362033,1.576396228715847e-07,2.6961782274607115e-10,2.6639631838552968e-14,3
11.0,2500,304,2.2157584999999997,19.59787,158.61427608583682,5.586692498972545e-07,1.2362447540987814e-08,45,0.004222732060908243,43.606989583030774,0.07458290862231348,0.7292383813549976,5
11.0,2500,454,2.2377055,24.094931,158.61427608583682,3.7408689860961534e-07,1.2362447540987814e-08,30,0.008590176218535717,160.80278688375907,0.27502791811686456,1.7750598312549497,7
11.0,2500,604,2.7413844999999997,27.9457,158.61427608583682,2.8118452312709494e-07,1.2362447540987814e-08,23,0.011208903962709526,408.37878814577994,0.6984677945165992,2.919114343603399,9
11.0,2500,753,7.674675,31.377293,158.61427608583682,2.2554508893594335e-07,1.2362447540987814e-08,18,0.01339436479192595,431.52279490927197,0.738051984072015,30.892541692232673,11
11.0,2500,903,119.760592,34.509366,158.61427608583682,1.8807912731867702e-07,1.2362447540987814e-08,15,0.014049481415570126,290.93274231290275,0.4975947742012005,95.9490905182061,13
11.0,2500,1053,199.85368599999998,37.423201,158.61427608583682,1.61287228840233e-07,1.2362447540987814e-08,13,0.0035676154372638316,120.81695447291912,0.20663843025262238,158.61503969155058,15
11.0,2500,1203,270.8442405,40.156354,158.61427608583682,1.4117660180279745e-07,1.2362447540987814e-08,11,0.03676019103523347,27.23159246597076,0.046575363077113796,184.42667353289494,17
11.0,2500,1352,247.608913,42.744274,158.61427608583682,1.2561793784671993e-07,1.2362447540987814e-08,10,0.015869249814581484,0.0,0.0,172.07036834627303,19
11.0,2500,1502,207.1130355,45.211133,158.61427608583682,1.1307287081808611e-07,1.2362447540987814e-08,9,0.016014831286502513,0.0,0.0,157.61145837330935,21
11.0,2500,1652,157.3376885,47.574886,158.61427608583682,1.0280596366148023e-07,1.2362447540987814e-08,8,0.03799763354656129,0.0,0.0,106.4962086192526,23
11.0,2500,1802,99.85619700000001,49.844984,158.61427608583682,9.424830852872661e-08,1.2362447540987814e-08,8,0.049351249605990535,3.1215855388071936,0.005338981920645825,82.18126881345893,25
11.0,2500,1951,58.4702055,52.045355,158.61427608583682,8.705046231100223e-08,1.2362447540987814e-08,7,0.005896918987998527,2.546410934202906,0.004355236071935134,57.90191427071441,27
11.0,2500,2101,43.6589345,54.172056,158.61427608583682,8.083553163672792e-08,1.2362447540987814e-08,7,0.07053335377048434,1.9712363295988293,0.0033714902232248036,36.51149087256857,29
11.0,2500,2251,30.6851075,56.237026,158.61427608583682,7.544889025711477e-08,1.2362447540987814e-08,6,0.016888320118028113,1.620072703863426,0.0027708799802307364,28.691190741369052,31
11.0,2500,2401,24.688083,58.246453,158.61427608583682,7.073529861256365e-08,1.2362447540987814e-08,6,0.04862334224638599,1.6660597543509255,0.0028495336093189863,20.365197512047345,33
11.0,2500,2550,18.968858500000003,60.205577,158.61427608583682,6.660213802696679e-08,1.2362447540987814e-08,5,0.07191811650413546,1.7120468048380415,0.002928187238406581,13.501000174739078,35
11.0,2500,2700,16.153446000000002,62.118885,158.61427608583682,6.290201924769088e-08,1.2362447540987814e-08,5,0.017325064533790777,1.7580338553252084,0.0030068408674942624,11.123566903416783,37
11.0,2500,2850,11.2936935,63.984939,158.61427608583682,5.959138665570714e-08,1.2362447540987814e-08,5,0.03726798743655425,1.8040209058126817,0.0030854944965824677,9.849000395241744,39
11.0,2500,3000,8.64679,65.816925,158.61427608583682,5.6611817322921784e-08,1.2362447540987814e-08,5,0.09186103940689921,1.9523105976883088,0.0033391207304625235,7.823799000419475,41
11.0,3000,5,1.8819460000000001,2.447685,177.82228867724976,3.3967090393753065e-05,1.0302039617489845e-08,1000,0.6967052668312257,5.863067971287246e-15,1.0027857160749628e-17,4.8219212336161404e-14,1
11.0,3000,154,4.1922455,13.852126,177.82228867724976,1.1028276101867882e-06,1.0302039617489845e-08,107,0.0004618773689878635,1.3268826989400167e-13,2.269424512763943e-16,7.16709600836593e-15,3
11.0,3000,304,1.6784705,19.59787,177.82228867724976,5.586692498972545e-07,1.0302039617489845e-08,54,0.004222732060280552,56.73978543614317,0.09704449385059843,0.16798801368072397,5
11.0,3000,454,1.7791565,24.094931,177.82228867724976,3.7408689860961534e-07,1.0302039617489845e-08,36,0.00859017621791092,159.29120620269762,0.27244259670649296,1.5553522454224007,7
11.0,3000,604,2.9094215,27.9457,177.82228867724976,2.8118452312709494e-07,1.0302039617489845e-08,27,0.010773898296725986,452.6667428823049,0.7742153871105346,6.040387012841252,9
11.0,3000,753,60.395542,31.377293,177.82228867724976,2.2554508893594335e-07,1.0302039617489845e-08,22,0.004876109934782907,915.3564593413804,1.5655734967421175,56.297174848763206,11
11.0,3000,903,224.02171900000002,34.509366,177.82228867724976,1.8807912731867702e-07,1.0302039617489845e-08,18,0.01404948141494877,958.9181293740872,1.6400788933895634,181.03189235120985,13
11.0,3000,1053,481.535087,37.423201,177.82228867724976,1.61287228840233e-07,1.0302039617489845e-08,16,0.021981932885501633,708.9346817551873,1.2125214580075387,306.9641997011412,15
11.0,3000,1203,598.1943245,40.156354,177.82228867724976,1.4117660180279745e-07,1.0302039617489845e-08,14,0.021617979205699352,387.50974654652373,0.6627745756653197,366.3768592872398,17
11.0,3000,1352,573.030362,42.744274,177.82228867724976,1.2561793784671993e-07,1.0302039617489845e-08,12,0.015869249813961348,164.10031023078957,0.28066781403316565,354.8744284470976,19
11.0,3000,1502,458.598468,45.211133,177.82228867724976,1.1307287081808611e-07,1.0302039617489845e-08,11,0.0022071162828976912,33.84908359282978,0.057893542587848866,314.8515305544559,21
11.0,3000,1652,339.62332849999996,47.574886,177.82228867724976,1.0280596366148023e-07,1.0302039617489845e-08,10,0.002085798389630157,11.449751103197663,0.019583001450995202,216.9730894298168,23
11.0,3000,1802,205.624082,49.844984,177.82228867724976,9.424830852872661e-08,1.0302039617489845e-08,9,0.01623320349376398,0.0,0.0,167.91594606322016,25
11.0,3000,1951,125.194793,52.045355,177.82228867724976,8.705046231100223e-08,1.0302039617489845e-08,8,0.0532351609403543,0.0,0.0,104.29529753096253,27
11.0,3000,2101,82.2050055,54.172056,177.82228867724976,8.083553163672792e-08,1.0302039617489845e-08,8,0.01955557502015145,0.9032078144502758,0.0015447951472054465,71.85104402504622,29
11.0,3000,2251,66.7527575,56.237026,177.82228867724976,7.544889025711477e-08,1.0302039617489845e-08,7,0.04419697789192482,1.0445344548868851,0.0017865121749198278,54.776413461986415,31
11.0,3000,2401,54.1341105,58.246453,177.82228867724976,7.073529861256365e-08,1.0302039617489845e-08,7,0.01949491607351793,1.0568308004730032,0.001807543143303729,36.95926775737879,33
11.0,3000,2550,46.545945,60.205577,177.82228867724976,6.660213802696679e-08,1.0302039617489845e-08,6,0.07191811650355065,1.0691271460595901,0.0018285741116884323,27.63739769438172,35
11.0,3000,2700,37.5425735,62.118885,177.82228867724976,6.290201924769088e-08,1.0302039617489845e-08,6,0.017325064533171557,1.1893981357093386,0.00203427875483704,23.57822976204793,37
11.0,3000,2850,34.2738245,63.984939,177.82228867724976,5.959138665570714e-08,1.0302039617489845e-08,6,0.03726798743720787,1.4365618144368806,0.0024570134182833924,18.824373403236066,39
11.0,3000,3000,26.162382,65.816925,177.82228867724976,5.6611817322921784e-08,1.0302039617489845e-08,5,0.0901158004936773,1.6837254931675232,0.002879748081735048,14.49411112658305,41
11.0,3500,5,2.088748,2.447685,196.3102140483639,3.3967090393753065e-05,8.830319672134153e-09,1000,0.7400330858554165,2.5113220894366476e-15,4.295222112524307e-18,3.375902476610392e-14,1
11.0,3500,154,2.112444,13.852126,196.3102140483639,1.1028276101867882e-06,8.830319672134153e-09,125,0.0008726194566458739,5.716174497863187e-14,9.776618939300281e-17,1.5067617924228722e-14,3
11.0,3500,304,2.204945,19.59787,196.3102140483639,5.586692498972545e-07,8.830319672134153e-09,63,0.004222732060587954,8.174995319776217,0.013982045877341979,0.02723514009281033,5
11.0,3500,454,2.213155,24.094931,196.3102140483639,3.7408689860961534e-07,8.830319672134153e-09,42,0.00859017621821688,64.4171125080403,0.11017535633255564,1.9791766085094875,7
11.0,3500,604,2.8567895,27.9457,196.3102140483639,2.8118452312709494e-07,8.830319672134153e-09,32,0.004928103317301627,75.0272538827372,0.12832233717635105,4.526952106532066,9
11.0,3500,753,7.257891,31.377293,196.3102140483639,2.2554508893594335e-07,8.830319672134153e-09,26,0.017926449024530708,290.4996150570944,0.496853978038689,37.690237188716395,11
11.0,3500,903,113.269532,34.509366,196.3102140483639,1.8807912731867702e-07,8.830319672134153e-09,21,0.014049481415253045,568.0431111899444,0.9715485489945563,146.64705177797708,13
11.0,3500,1053,264.3049155,37.423201,196.3102140483639,1.61287228840233e-07,8.830319672134153e-09,18,0.01451742186071334,584.4280172094515,0.9995723580243279,277.60148516499675,15
11.0,3500,1203,352.25590850000003,40.156354,196.3102140483639,1.4117660180279745e-07,8.830319672134153e-09,16,0.0007686326909883753,402.975444231317,0.6892262231703363,353.1603118871347,17
11.0,3500,1352,391.963845,42.744274,196.3102140483639,1.2561793784671993e-07,8.830319672134153e-09,14,0.01586924981426499,201.74181372413594,0.3450476953846457,352.78693204266665,19
11.0,3500,1502,322.712667,45.211133,196.3102140483639,1.1307287081808611e-07,8.830319672134153e-09,13,0.01522279311742704,73.44900681309781,0.125622993376105,306.42583520582576,21
11.0,3500,1652,211.02617800000002,47.574886,196.3102140483639,1.0280596366148023e-07,8.830319672134153e-09,12,0.030716821200444284,12.63357228623884,0.021607741703972387,219.40153408368292,23
11.0,3500,1802,130.260184,49.844984,196.3102140483639,9.424830852872661e-08,8.830319672134153e-09,11,0.030612834434786393,0.0,0.0,156.35261934997442,25
11.0,3500,1951,75.913625,52.045355,196.3102140483639,8.705046231100223e-08,8.830319672134153e-09,10,0.014390898992164364,0.0,0.0,92.3687083783976,27
11.0,3500,2101,52.4414005,54.172056,196.3102140483639,8.083553163672792e-08,8.830319672134153e-09,9,0.01685712408801458,0.0,0.0,67.08311978219709,29
11.0,3500,2251,44.551238999999995,56.237026,196.3102140483639,7.544889025711477e-08,8.830319672134153e-09,9,0.05333394273102292,0.0,0.0,44.60658518774565,31
11.0,3500,2401,32.042145000000005,58.246453,196.3102140483639,7.073529861256365e-08,8.830319672134153e-09,8,0.0013111026221682936,1.960717446989671,0.0033534993261702412,33.19937631201976,33
11.0,3500,2550,26.855649999999997,60.205577,196.3102140483639,6.660213802696679e-08,8.830319672134153e-09,8,0.06066500970990049,4.362416140611686,0.007461227832942592,28.020743212476653,35
11.0,3500,2700,23.104922000000002,62.118885,196.3102140483639,6.290201924769088e-08,8.830319672134153e-09,7,0.01732506453347475,3.539724408252177,0.006054142801721376,23.946842462150297,37
11.0,3500,2850,17.896993000000002,63.984939,196.3102140483639,5.959138665570714e-08,8.830319672134153e-09,7,0.037267987436887834,2.7170326758924834,0.004647057770499846,19.429536533600224,39
11.0,3500,3000,15.0056315,65.816925,196.3102140483639,5.6611817322921784e-08,8.830319672134153e-09,6,0.06411910907949983,1.8943409435328284,0.0032399727392783814,16.31154108490914,41
11.0,4000,5,1.6186745,2.447685,214.2625693447436,3.3967090393753065e-05,7.726529713117383e-09,1000,0.7725289501235505,1.3663438361078948e-14,2.336916591801422e-17,5.969550925043925e-14,1
11.0,4000,154,1.664777,13.852126,214.2625693447436,1.1028276101867882e-06,7.726529713117383e-09,143,0.0018734920758339264,1.169659350982847e-13,2.0005186628965426e-16,4.116092503665021e-15,3
11.0,4000,304,1.7127115000000002,19.59787,214.2625693447436,5.586692498972545e-07,7.726529713117383e-09,72,0.004222732060854798,0.6119015559306673,0.001046561532181248,3.614399155025188e-14,5
11.0,4000,454,1.8615265,24.094931,214.2625693447436,3.7408689860961534e-07,7.726529713117383e-09,48,0.008590176218482648,60.9228025473455,0.1041988878125192,1.37812107058428,7
11.0,4000,604,3.531029,27.9457,214.2625693447436,2.8118452312709494e-07,7.726529713117383e-09,36,0.010773898297296455,104.02712098695348,0.1779220563721624,5.104456672785717,9
11.0,4000,753,47.9344155,31.377293,214.2625693447436,2.2554508893594335e-07,7.726529713117383e-09,29,0.006542936769594501,158.1510159461295,0.27049248030242995,37.96394446826295,11
11.0,4000,903,197.4073095,34.509366,214.2625693447436,1.8807912731867702e-07,7.726529713117383e-09,24,0.01404948141551735,413.99299179297714,0.708070008327041,148.455257446885,13
11.0,4000,1053,397.77281400000004,37.423201,214.2625693447436,1.61287228840233e-07,7.726529713117383e-09,21,0.00601346518358553,638.3896915402748,1.0918653290412719,295.91924424511666,15
11.0,4000,1203,548.324615,40.156354,214.2625693447436,1.4117660180279745e-07,7.726529713117383e-09,18,0.014868377195072465,642.9022338449138,1.0995833241053516,389.5812136837865,17
11.0,4000,1352,610.1354200000001,42.744274,214.2625693447436,1.2561793784671993e-07,7.726529713117383e-09,16,0.015869249814528807,474.63413442411866,0.8117871610784225,396.14133006978636,19
11.0,4000,1502,474.9845995,45.211133,214.2625693447436,1.1307287081808611e-07,7.726529713117383e-09,15,0.024984550743281417,290.34634131918256,0.49659182737664637,341.43496571897117,21
11.0,4000,1652,340.6351015,47.574886,214.2625693447436,1.0280596366148023e-07,7.726529713117383e-09,13,0.022966346570673934,150.23577288821286,0.2569546998833541,253.76741296333918,23
11.0,4000,1802,206.6525425,49.844984,214.2625693447436,9.424830852872661e-08,7.726529713117383e-09,12,0.0162332034943313,71.20519998487974,0.12178531411332384,171.4789264262544,25
11.0,4000,1951,125.342076,52.045355,214.2625693447436,8.705046231100223e-08,7.726529713117383e-09,11,0.02364875972030323,29.896561623918693,0.05113337437505169,104.2382055136202,27
11.0,4000,2101,87.491485,54.172056,214.2625693447436,8.083553163672792e-08,7.726529713117383e-09,10,0.044166648419159245,7.720993819628851,0.013205547597509774,75.610764879808,29
11.0,4000,2251,70.03308799999999,56.237026,214.2625693447436,7.544889025711477e-08,7.726529713117383e-09,10,0.024074666543775592,1.947571018837677,0.003331014425035228,47.9357096800615,31
11.0,4000,2401,61.573958000000005,58.246453,214.2625693447436,7.073529861256365e-08,7.726529713117383e-09,9,0.01691561664396051,0.0,0.0,41.731662626260416,33
11.0,4000,2550,52.027333,60.205577,214.2625693447436,6.660213802696679e-08,7.726529713117383e-09,9,0.044092118932903344,1.2354492097994223,0.002113041886244686,34.35446327409491,35
11.0,4000,2700,44.0750325,62.118885,214.2625693447436,6.290201924769088e-08,7.726529713117383e-09,8,0.017325064533738176,3.362858608296315,0.005751641621918457,28.243202624073337,37
11.0,4000,2850,39.478812500000004,63.984939,214.2625693447436,5.959138665570714e-08,7.726529713117383e-09,8,0.03726798743660977,4.448948648866914,0.007609228101197079,24.678056801399052,39
11.0,4000,3000,32.00025,65.816925,214.2625693447436,5.6611817322921784e-08,7.726529713117383e-09,7,0.04462159051891199,4.0771364877461265,0.006973301780607232,21.269843652420647,41
11.0,4500,5,2.5311075,2.447685,231.8037626546014,3.3967090393753065e-05,6.8680264116598966e-09,1000,0.7978035112209445,3.3114336228198535e-15,5.6636872588824165e-18,6.179411139980231e-14,1
11.0,4500,154,2.2600379999999998,13.852126,231.8037626546014,1.1028276101867882e-06,6.8680264116598966e-09,161,0.0026519485575796317,8.311929773507103e-14,1.4216250759346293e-16,4.8017834525591285e-15,3
11.0,4500,304,2.2825495,19.59787,231.8037626546014,5.586692498972545e-07,6.8680264116598966e-09,81,0.004222732060908053,2.9956046154764613e-15,5.123511332495272e-18,2.372758821314448e-14,5
11.0,4500,454,2.6096649999999997,24.094931,231.8037626546014,3.7408689860961534e-07,6.8680264116598966e-09,54,0.008590176218535717,18.15588637474728,0.031052792852543636,0.512693708491809,7
11.0,4500,604,3.3918774999999997,27.9457,231.8037626546014,2.8118452312709494e-07,6.8680264116598966e-09,41,0.001438769624905556,60.22390524181138,0.10300353371049431,4.21645359107938,9
11.0,4500,753,7.1951215,31.377293,231.8037626546014,2.2554508893594335e-07,6.8680264116598966e-09,33,0.00487610993414952,40.00616273057079,0.06842425968392626,31.326690398012033,11
11.0,4500,903,88.295382,34.509366,231.8037626546014,1.8807912731867702e-07,6.8680264116598966e-09,27,0.014049481415570126,102.13471334297522,0.1746853902382103,130.89453939742114,13
11.0,4500,1053,223.4109765,37.423201,231.8037626546014,1.61287228840233e-07,6.8680264116598966e-09,23,0.020600647652011646,281.56849560695133,0.48157870056105745,280.5895243420991,15
11.0,4500,1203,334.1313635,40.156354,231.8037626546014,1.4117660180279745e-07,6.8680264116598966e-09,21,0.02161797920505531,427.8624461975432,0.7317915323393207,390.51624210107764,17
11.0,4500,1352,379.56487549999997,42.744274,231.8037626546014,1.2561793784671993e-07,6.8680264116598966e-09,18,0.015869249814581696,431.7172248883861,0.7383845260223851,403.9886032712037,19
11.0,4500,1502,310.4855845,45.211133,231.8037626546014,1.1307287081808611e-07,6.8680264116598966e-09,16,0.028162796332348177,318.9662576440762,0.5455417004233389,346.4202122181973,21
11.0,4500,1652,221.12779,47.574886,231.8037626546014,1.0280596366148023e-07,6.8680264116598966e-09,15,0.0020857983889984466,181.42550652526555,0.31029984193626536,259.68689637905584,23
11.0,4500,1802,139.0408985,49.844984,231.8037626546014,9.424830852872661e-08,6.8680264116598966e-09,14,0.020202603783601874,76.23383282130062,0.1303860009967837,170.93212255782922,25
11.0,4500,1951,80.332499,52.045355,231.8037626546014,8.705046231100223e-08,6.8680264116598966e-09,13,0.025661908980636333,22.173035526791242,0.03792349571449239,104.6936929291558,27
11.0,4500,2101,52.8090585,54.172056,231.8037626546014,8.083553163672792e-08,6.8680264116598966e-09,12,0.019555575019508824,2.623194238595435,0.004486561857777864,73.00528362523221,29
11.0,4500,2251,41.219609,56.237026,231.8037626546014,7.544889025711477e-08,6.8680264116598966e-09,11,0.0013174517316380597,0.0,0.0,49.240832781767594,31
11.0,4500,2401,33.3900505,58.246453,231.8037626546014,7.073529861256365e-08,6.8680264116598966e-09,10,0.02905246088297586,0.0,0.0,41.19938917843329,33
11.0,4500,2550,31.8848155,60.205577,231.8037626546014,6.660213802696679e-08,6.8680264116598966e-09,10,0.03120209277318275,0.0,0.0,34.49298883473737,35
11.0,4500,2700,27.070991999999997,62.118885,231.8037626546014,6.290201924769088e-08,6.8680264116598966e-09,9,0.017325064533790988,0.0,0.0,30.56125039522062,37
11.0,4500,2850,21.8806065,63.984939,231.8037626546014,5.959138665570714e-08,6.8680264116598966e-09,9,0.037267987436554025,0.6681451536643526,0.001142757374876933,26.669821683611193,39
11.0,4500,3000,18.1247725,65.816925,231.8037626546014,5.6611817322921784e-08,6.8680264116598966e-09,8,0.02945685386053419,2.9663466289789517,0.005073470140606488,22.834741216548068,41
11.0,5000,5,1.8058999999999998,2.447685,249.0214628594636,3.3967090393753065e-05,6.181223770493907e-09,1000,0.8180231600988194,2.429166367013662e-13,4.154707649204002e-16,8.167541914703776e-14,1
11.0,5000,154,1.5840290000000001,13.852126,249.0214628594636,1.1028276101867882e-06,6.181223770493907e-09,178,0.002330172925767039,1.7807336157014326e-13,3.045665243358703e-16,8.098408698979565e-15,3
11.0,5000,304,2.5572774999999996,19.59787,249.0214628594636,5.586692498972545e-07,6.181223770493907e-09,90,0.00422273206073938,2.5133685864899004e-14,4.2987223243980924e-17,3.1821648239053787e-14,5
11.0,5000,454,3.826912,24.094931,249.0214628594636,3.7408689860961534e-07,6.181223770493907e-09,61,0.007933320844659487,6.7004266615799,0.011460027720546766,0.11312023626697622,7
11.0,5000,604,4.4536995,27.9457,249.0214628594636,2.8118452312709494e-07,6.181223770493907e-09,45,0.010773898297181797,58.80800696659593,0.1005818620315124,3.892328593297129,9
11.0,5000,753,45.399460000000005,31.377293,249.0214628594636,2.2554508893594335e-07,6.181223770493907e-09,36,0.013394364791758833,81.68913296066694,0.13971643530770853,26.739521071729722,11
11.0,5000,903,132.8617335,34.509366,249.0214628594636,1.8807912731867702e-07,6.181223770493907e-09,30,0.01404948141540307,80.81855808498216,0.13822745367831976,111.78111452933976,13
11.0,5000,1053,323.8094265,37.423201,249.0214628594636,1.61287228840233e-07,6.181223770493907e-09,26,0.0035676154370951206,191.39499652151898,0.327351089190696,247.02909299673885,15
11.0,5000,1203,487.44421850000003,40.156354,249.0214628594636,1.4117660180279745e-07,6.181223770493907e-09,23,0.007023436645153782,375.21385267328554,0.6417443798653727,356.20742262362705,17
11.0,5000,1352,537.5770645,42.744274,249.0214628594636,1.2561793784671993e-07,6.181223770493907e-09,20,0.01586924981441481,504.53762524708094,0.8629323867604329,372.7439013623032,19
11.0,5000,1502,456.89648650000004,45.211133,249.0214628594636,1.1307287081808611e-07,6.181223770493907e-09,18,0.016014831286335837,499.9790435723672,0.8551356485828259,320.23871996149944,21
11.0,5000,1652,284.61942250000004,47.574886,249.0214628594636,1.0280596366148023e-07,6.181223770493907e-09,17,0.022127514356951726,397.042247058704,0.6790784210222293,240.36521680934737,23
11.0,5000,1802,188.52614599999998,49.844984,249.0214628594636,9.424830852872661e-08,6.181223770493907e-09,15,0.016233203494217273,247.85288363203483,0.4239134402182726,160.57165118489115,25
11.0,5000,1951,114.169441,52.045355,249.0214628594636,8.705046231100223e-08,6.181223770493907e-09,14,0.00589691898783007,131.72397715354973,0.22529317995466394,99.3304834552893,27
11.0,5000,2101,79.242766,54.172056,249.0214628594636,8.083553163672792e-08,6.181223770493907e-09,13,0.0059333143558104595,72.09120858644924,0.12330069270747372,67.94004689788004,29
11.0,5000,2251,62.5875485,56.237026,249.0214628594636,7.544889025711477e-08,6.181223770493907e-09,12,0.016888320117861642,28.374280339097794,0.04852975126213136,48.91110362233422,31
11.0,5000,2401,56.0650935,58.246453,249.0214628594636,7.073529861256365e-08,6.181223770493907e-09,11,0.038761936273983146,16.893745620346465,0.028894099270297246,38.70719293278633,33
11.0,5000,2550,48.039919499999996,60.205577,249.0214628594636,6.660213802696679e-08,6.181223770493907e-09,11,0.02089007184562399,6.939805087760071,0.011869446931931548,34.03898358029532,35
11.0,5000,2700,43.7866925,62.118885,249.0214628594636,6.290201924769088e-08,6.181223770493907e-09,10,0.017325064533624347,9.27767145082904,0.015868000260084374,30.234706412922883,37
11.0,5000,2850,39.968055,63.984939,249.0214628594636,5.959138665570714e-08,6.181223770493907e-09,10,0.03726798743672992,9.358081654339964,0.01600552928738257,25.936340853984344,39
11.0,5000,3000,29.2317975,65.816925,249.0214628594636,5.6611817322921784e-08,6.181223770493907e-09,9,0.017325064533624396,9.57540932423922,0.016377234142502955,22.783620159176387,41
11.0,5500,5,2.6008625,2.447685,265.9795443303082,3.3967090393753065e-05,5.6192943368126426e-09,1000,0.8345665091807309,6.698266310268129e-15,1.1456332778840892e-17,7.409688351556294e-14,1
11.0,5500,154,2.5783015000000002,13.852126,265.9795443303082,1.1028276101867882e-06,5.6192943368126426e-09,196,0.0013111026222374412,1.7721709285347105e-14,3.0310201114515556e-17,4.333093377390383e-15,3
11.0,5500,304,2.4636835,19.59787,265.9795443303082,5.586692498972545e-07,5.6192943368126426e-09,99,0.00422273206065637,1.1415399853499135e-15,1.952424903213241e-18,3.213895066937595e-14,5
11.0,5500,454,3.7570490000000003,24.094931,265.9795443303082,3.7408689860961534e-07,5.6192943368126426e-09,67,0.006431184748104658,0.32465329288376665,0.0005552684812369076,0.025670891776921386,7
11.0,5500,604,4.7284880000000005,27.9457,265.9795443303082,2.8118452312709494e-07,5.6192943368126426e-09,50,0.0007817154516154023,21.566437697016447,0.03688600537312307,2.1379782987697533,9
11.0,5500,753,9.3148205,31.377293,265.9795443303082,2.2554508893594335e-07,5.6192943368126426e-09,40,0.0034286513047236925,50.56264527645363,0.08647946552640913,16.2981591509871,11
11.0,5500,903,59.490247999999994,34.509366,265.9795443303082,1.8807912731867702e-07,5.6192943368126426e-09,33,0.014049481415320881,41.87049768721472,0.07161291189409552,70.64013509194795,13
11.0,5500,1053,138.14628249999998,37.423201,265.9795443303082,1.61287228840233e-07,5.6192943368126426e-09,29,0.010368501829603126,51.10538707840536,0.08740774015869944,158.6866546154769,15
11.0,5500,1203,220.248149,40.156354,265.9795443303082,1.4117660180279745e-07,5.6192943368126426e-09,25,0.004917552722097045,130.85462005096724,0.22380628113495502,232.79339931100301,17
11.0,5500,1352,251.85472049999998,42.744274,265.9795443303082,1.2561793784671993e-07,5.6192943368126426e-09,22,0.01586924981433263,234.44249924428212,0.4009770833877366,246.28106983337597,19
11.0,5500,1502,220.2517605,45.211133,265.9795443303082,1.1307287081808611e-07,5.6192943368126426e-09,20,0.006075587157831998,293.80773053849435,0.5025119901376789,212.8907395051242,21
11.0,5500,1652,165.9467515,47.574886,265.9795443303082,1.0280596366148023e-07,5.6192943368126426e-09,18,0.016133943399643674,283.6525039371897,0.48514306958420117,159.9985285728467,23
11.0,5500,1802,95.46124649999999,49.844984,265.9795443303082,9.424830852872661e-08,5.6192943368126426e-09,17,0.013577911551497115,222.369780983721,0.3803285944308022,108.95868594065236,25
11.0,5500,1951,57.830261,52.045355,265.9795443303082,8.705046231100223e-08,5.6192943368126426e-09,15,0.03171777823481884,135.88950096525105,0.23241765437454198,68.16481010898526,27
11.0,5500,2101,39.8601415,54.172056,265.9795443303082,8.083553163672792e-08,5.6192943368126426e-09,14,0.026787860208404474,79.16564716575195,0.13540040908687787,45.92043294712723,29
11.0,5500,2251,32.9321975,56.237026,265.9795443303082,7.544889025711477e-08,5.6192943368126426e-09,13,0.031783951631146515,37.67500691221663,0.06443718368883532,34.179749045957806,31
11.0,5500,2401,28.6350855,58.246453,265.9795443303082,7.073529861256365e-08,5.6192943368126426e-09,13,0.032735109788368535,12.071838969013937,0.020646985066807108,26.803851384385627,33
11.0,5500,2550,26.5021525,60.205577,265.9795443303082,6.660213802696679e-08,5.6192943368126426e-09,12,0.012452963813926132,3.816584833885947,0.006527669087842573,24.1538766712741,35
11.0,5500,2700,24.019136000000003,62.118885,265.9795443303082,6.290201924769088e-08,5.6192943368126426e-09,11,0.01732506453354229,1.2093233808155754,0.0020683577579795535,21.172421704829308,37
11.0,5500,2850,18.277442999999998,63.984939,265.9795443303082,5.959138665570714e-08,5.6192943368126426e-09,11,0.03726798743681654,0.3788968142158498,0.0006480435072946016,18.38430868484081,39
11.0,5500,3000,15.458272999999998,65.816925,265.9795443303082,5.6611817322921784e-08,5.6192943368126426e-09,10,0.00739905508438621,2.327436300482371,0.003980714343800556,15.93295385660596,41
